0.29929388929790507
0.3506802095011797
0.37390605913555663
0.3917437793878951
0.4021184384464785
0.41132176503070567
0.41657602784424624
0.42266695671089843
0.42649888723414936
0.42927661853047977
0.43366074864878434
0.4386974782885159
0.43826241194089793
0.4388146115359515
0.44246247552751794
0.44411907431267883
0.4451900068606616
0.44706413881963153
0.4470474054985693
0.4488880708154147
0.45141480229581166
0.4514482689379361
0.4509462693060692
0.4547781998293201
0.4558993323404896
0.4535232007496528
0.45511286625056474
0.457806930941584
0.4609862619434079
0.4597814628269273
0.4580913973996419
0.458894596810629
0.45963086293736716
0.4601663292113586
0.4606515955221633
0.4627432606549422
0.4608691286959723
0.46257592744431986
0.4643998594401031
0.4636970599554894
0.46240859423369757
0.46347952678168036
0.46307792707618683
0.46357992670805376
0.4652197921721524
0.46647479125181973
0.4640819263399207
0.46476799250347217
0.46737839058918024
0.4664580579307575
0.46771305701042487
0.4665417245360687
0.46824852328441624
0.46844932313716303
0.46620705811482405
0.4676126570840515
0.4668763909573133
0.46593932497782836
0.4656381251987082
0.4675624571208648
0.46796405682635833
0.4690349893743411
0.4688007228794699
0.47162865413898697
0.4703067217750707
0.46941985575877243
0.47005572195913725
0.467796723615736
0.46885092284265656
0.4679305901842339
0.4675457237998025
0.46836565653185186
0.46936965579558576
0.4708756546911866
0.47005572195913725
0.46993858871170163
0.470038988638075
0.468014256789545
0.4704071217014441
0.4714947875704891
0.4716621207811114
0.46876725623734544
0.4709760546175599
0.47134418768092906
0.4702732551329462
0.470256521811884
0.4715282542126136
0.4697879888221415
0.4690684560164656
0.470256521811884
0.4712772543966801
0.47060792155419084
0.46980472214320373
0.4689178561269055
0.4720804538076672
0.47397131908769935
0.47229798698147624
0.4732183196398989
0.47112665450712005
0.4715282542126136
