5.212893687831494
2.1731847534257724
2.0492402014707864
1.9821538322092895
1.9378577079485861
1.9040200738771935
1.8796433543000375
1.8601733297927459
1.8388837586614402
1.8248218086004373
1.815216870157098
1.8003995152850565
1.791529328021971
1.7880928187665246
1.779284368668177
1.7754109352440586
1.7641966974938128
1.762328120736907
1.7589635562234391
1.7519684773750672
1.7465435628253283
1.7469885653944468
1.7408773292821207
1.7325778681565382
1.7320783242232445
1.7346282546393186
1.734888802731662
1.7233999483943738
1.720773357826871
1.719939436597523
1.7210100765770977
1.7193536923125803
1.7172293979789588
1.7188771876871383
1.7152320536056442
1.715613990499107
1.717137771541516
1.7049229460092379
1.71109097594919
1.705643177026759
1.70591761957513
1.7009584245698939
1.706186035707426
1.7028903986649833
1.7065082964333573
1.707037338405861
1.706249658346452
1.7049279642437531
1.6992293826282217
1.7016062274257595
1.7000433732426892
1.703597451272192
1.7043809184291188
1.7058323926598946
1.703365518083208
1.700745146626094
1.7075858724758242
1.7051869160535984
1.7066945918670335
1.7038656725009138
1.700222023730519
1.699504616695136
1.7003379984880114
1.702303457285266
1.7026082172085082
1.7013621299344013
1.7044913846381282
1.7067233183740218
1.7029630617107863
1.7035681118526684
1.7099132296074595
1.7066108719988522
1.7054562039744605
1.7047643082237744
1.7105973010494238
1.7057989619097622
1.7047075943606156
1.703520745717363
1.703823495706386
1.6965827076735565
1.7076846923175997
1.7075184961402041
1.7053761202107303
1.7107502186217916
1.7112692345889804
1.7118180353162766
1.7091092468117992
1.7083657587932048
1.7076050825627778
1.7206696976180131
1.713360726423167
1.711373163907307
1.7064184338347783
1.7102563306734813
1.7056079564332924
1.7066478745059548
1.7130167704952624
1.7058293490757253
1.710442722165192
1.7156468140076777
