100028
100080
100147
100239
100290
100346
100347
100355
100358
100404
100594
100618
100657
100664
100712
100813
100922
100925
101165
101181
101389
101403
101492
101580
101586
101588
101589
101593
101614
101615
101616
101617
101618
101640
101645
101695
101702
101743
101795
101808
101822
101824
101826
101883
101943
101989
101995
102002
102024
102025
102027
102036
102053
102054
102081
102084
102086
102087
102172
102206
102299
102402
102412
102516
102554
102584
102685
102889
102894
103085
103416
103590
103942
104069
104162
104242
104324
104639
104656
104688
104782
104848
104855
104964
10506
10511
10517
10518
10521
10523
105287
105890
105973
10605
106053
10612
106299
106400
106601
106648
106846
107071
107189
107247
107262
107283
10742
10744
107504
107603
107637
107667
10773
107801
107855
107866
107928
108135
108140
108532
108778
108901
108961
10899
10900
10902
10909
109124
109655
10977
109782
109784
109827
110220
110223
110264
11029
110302
110327
110337
110395
110405
110490
110547
110589
110599
110619
110658
110730
11074
110925
110945
111098
1111
111287
11139
11140
111608
111692
111761
111788
111827
11197
11199
112054
112069
112070
112084
11223
112231
112251
11226
11227
112355
112614
11262
112679
11274
112955
1130
113155
1132
1133
11346
1135
113597
1137
113972
114201
114257
114787
114877
114888
115024
115463
115469
115784
115863
115867
115886
116035
116237
116266
116267
11630
116320
116620
116743
11678
1169
116991
117016
117064
117490
117559
117585
117586
11759
11760
117602
117605
11765
11767
117704
117770
117781
117800
117801
117802
117803
117805
117810
117811
117812
117814
117816
117821
11783
117931
117979
117982
117989
117990
117996
117997
117998
117999
118000
118002
118003
118004
118005
118007
118008
118009
118010
118011
118014
118075
118150
118301
118658
118786
118854
118890
118907
118932
118936
119041
119089
119380
1194
1195
119590
119601
1200
120046
12014
1202
120314
120344
120371
120377
120379
1204
120568
120594
120609
120612
120613
120630
120683
120699
120749
120831
120932
120952
120959
120965
121010
121051
121105
121149
121174
121232
121247
121278
121309
121312
12134
121356
121376
121398
121410
121427
121482
121488
121520
121529
121626
12164
121675
121710
121712
121717
121719
121792
121851
121876
12193
12194
12197
12198
122038
122098
122124
122164
122184
122185
122190
122197
122263
122274
122413
122415
122829
123127
123132
123215
123217
123348
123365
123463
123517
123521
123637
123638
123807
123811
123907
123910
12393
123994
124151
124199
124220
124229
124406
124538
12458
124705
124712
124788
124789
124790
124892
124903
124947
124983
125276
125277
125320
125335
125361
125381
125449
125570
125577
125579
125592
125599
125602
125604
125612
125662
125762
125983
126163
126569
126608
127090
127091
127492
127946
127965
128180
128271
12828
12834
12837
128714
128799
128938
129319
129388
129392
129560
129567
129619
129623
129675
129691
129799
129993
129994
130029
130034
130065
130174
130442
130555
130556
130752
130776
131187
131437
131443
131447
131464
131519
131564
131565
131631
131650
131719
131814
131818
131838
131851
131853
131863
131865
131870
131875
131881
131882
131886
131890
131892
131893
131895
131896
131898
131899
131901
131902
131909
131912
131913
131917
131924
131927
131938
131942
131957
131992
131994
131995
132013
132014
132020
132031
132042
132051
132065
132071
132075
132080
132084
132090
132117
132118
132175
132176
132177
132182
132186
132241
132244
132250
132251
132253
132259
132269
132270
132272
132299
132300
132318
132319
132320
132322
132330
132336
132337
132338
132340
132345
132354
132376
132404
132418
132429
132471
132479
132480
132481
132484
132488
132490
132492
132493
132494
132497
132498
132510
132513
132516
132519
132521
132525
132610
132611
132613
132621
132668
132669
132673
132687
132690
132692
132693
132694
132695
132731
132737
132738
132747
132753
132760
132763
132766
132776
132778
132787
132789
132790
132791
132792
132793
132795
132796
132797
132798
132799
132800
132801
132802
132803
132804
132805
132806
132807
132808
132809
132811
132812
132820
132824
132833
132835
132836
132840
132842
132843
132846
132848
132849
132850
132851
132852
132853
132854
132858
132859
132891
132904
132908
132934
132938
132942
132943
132949
132969
132972
132976
132981
132982
132983
132985
133015
133028
133029
133062
133069
133084
133089
133157
133177
133244
133251
133277
133284
133300
133303
133305
133306
133313
133315
133375
133388
133390
133391
133393
133430
133460
133477
133486
133493
133497
133498
133509
133513
133514
133517
133530
133532
133547
133551
133553
133554
133572
133575
133580
133582
133584
133613
133615
133624
133632
133633
133634
133636
133660
133662
133665
133671
133689
133690
133691
133692
133696
133700
133710
133720
133727
133737
133739
133751
133782
133789
133815
134442
134577
134842
134846
135507
135509
135511
135677
135752
136023
136234
136791
136856
136869
136897
136908
137024
137028
137052
137143
137178
137256
138076
138278
138564
138572
138885
138933
139008
139251
139252
139458
139744
139750
139971
139996
140254
140414
140417
1406
140891
141476
141629
141700
141798
142007
14201
14203
142044
14205
142574
142622
142929
142979
143062
143282
143290
143423
143840
143939
14402
14403
14404
144093
144128
144160
144324
1444
144489
144969
145133
145153
145167
145171
145188
145294
145334
145338
145491
1456
145909
1460
146087
146090
146101
14627
14628
146339
14639
146462
146911
146920
146929
146930
146931
146934
146936
147024
147037
147046
147047
147058
147064
147077
147122
147129
147146
147147
147188
147195
147196
147198
147250
147252
147280
147281
147290
147303
147324
147341
147349
147350
147391
147432
147449
147492
14778
147934
148247
148332
148409
148424
148450
148573
148592
148642
148706
148730
148980
148996
149071
149293
149353
149460
149474
149611
149612
149695
149696
149718
149719
14972
14974
14975
14976
149767
149797
149853
149913
149945
149983
150003
150116
150117
150123
150130
150148
150179
150193
150224
150377
150478
150527
150548
150603
1507
150706
150736
150742
150838
150850
150876
150895
150905
150938
150958
150983
1510
151037
151061
151105
151169
151202
151249
151274
15131
15132
15133
15134
15135
151412
151446
151567
151596
151611
151616
151678
151739
151746
151748
151836
151861
151866
151868
151873
151896
151980
152064
152079
152098
152183
152240
152365
152383
152387
152466
152577
152585
152633
152675
152696
152781
1528
152804
152821
152879
152932
152945
152981
153018
153029
153050
153051
153066
1531
153148
153179
153198
1532
153215
153222
153235
153343
153395
153398
153456
153461
153465
153531
153547
153554
153587
153744
153772
153795
153886
153964
153965
153976
154021
154033
154054
154062
154105
154226
154308
154329
154347
154357
154377
154388
154426
154473
154476
154487
154513
154522
154591
154726
154734
154742
154794
154799
154851
154861
154864
154895
154929
154934
154964
155074
1551
155150
155180
155262
155383
155409
1557
155778
155786
155788
155798
155807
155808
155809
155813
155815
155860
155876
155902
155906
155911
155959
155969
1560
156008
156023
156079
156184
156280
156324
15633
156338
15634
156349
15636
15637
15640
156406
156450
156584
156594
156600
156624
156630
156655
156732
156740
1568
156880
156888
156899
156921
157003
157035
157154
157159
157187
1572
157239
157248
157286
157424
157465
157709
157712
157819
157881
157929
157960
158022
158068
158124
158224
158302
158394
158419
158500
158501
158512
158534
158648
158752
158764
158767
158772
158776
158782
158791
158793
158796
158840
158856
158867
158885
158920
158929
15897
15898
15899
159190
1592
159218
159338
159348
159433
159489
15949
159505
159780
1598
160131
160215
160546
160558
160649
160747
160748
160765
160768
1608
160954
160970
160996
1610
161025
161044
1611
161137
161160
161172
161174
161196
1612
161237
161247
161251
161264
161341
161481
161532
161637
161641
16166
161665
161863
161865
161866
16205
1621
162137
162240
162266
162381
162415
162431
162440
162503
162558
162565
162592
162659
162664
162690
162711
162745
162750
162767
162791
162800
162808
162832
162840
162861
162876
162906
163013
163025
163056
163188
163217
163254
163267
163292
163302
163339
163364
163382
163419
163477
163598
163601
163771
163778
163855
163997
164000
164029
164105
164136
164198
164211
164234
164240
164243
164244
164375
164385
164427
164494
164496
164538
164543
164547
164549
164735
164849
165060
165125
16521
165308
165319
16532
16535
16536
16538
165421
165523
165633
165700
165708
165713
165726
16591
16593
16594
165952
16596
16602
16604
16607
166103
166162
166341
166353
166406
166412
166626
166798
166802
166905
166914
166922
167021
167032
167047
167050
167115
167140
167157
167235
167239
167390
167451
167535
167634
167649
167665
1678
167829
167903
167936
168291
168294
168344
168365
168401
168619
168689
168770
168772
16919
169209
169226
169339
16936
16938
16940
169443
169472
169485
169496
169551
169618
169621
169626
169670
169808
169860
169901
169952
170063
170082
170103
170110
170136
170307
170309
170390
170411
170600
170729
170850
170903
170905
170910
170969
171249
171303
171309
171359
171724
171993
172002
172020
172100
172104
172113
172135
172281
172425
172474
172499
172544
172610
172644
172772
172885
172902
172971
173038
173065
173126
173156
173193
173306
173424
173453
173528
173531
173536
173539
17360
17362
173901
174364
174395
174524
174539
174545
174614
174712
174942
175132
175270
175377
175449
175510
175516
175558
175561
175631
175711
175795
175804
175926
176040
176145
176172
176210
176226
176378
176381
176391
176396
176404
176527
176528
176746
176927
176949
177010
177324
177425
177509
177588
177681
177697
177720
177757
177786
177905
177910
177927
178057
178060
178100
178236
178265
178317
178351
178362
178384
178396
178450
178459
178461
178531
178569
178573
178616
178617
178627
178671
178729
178734
178755
178809
178829
178869
178921
178952
178966
179090
179126
179155
179207
179211
179238
179243
179264
179338
179341
179346
179393
179455
179458
179462
179471
179498
179535
179541
179561
179562
179642
179733
179800
179831
179833
180268
180328
180343
180362
180382
180433
180447
180566
180750
180858
180859
180908
180909
181038
181045
181046
181127
181159
181206
181210
181336
181337
181458
181503
181504
181536
181551
18162
18164
181643
18165
181688
181755
181790
181873
181931
181938
181939
182066
182127
182227
182234
182245
182265
182345
182375
182378
182381
182438
182511
182531
182533
18256
18257
182592
182610
182612
18262
182666
182667
182732
182963
182964
182965
182966
182967
182968
182969
182970
182971
182972
182997
182998
183119
183161
183162
183163
183164
183165
183166
183173
183174
183175
183176
183177
183178
183199
183201
183202
183203
183204
183205
183206
183207
183208
183225
183226
183227
183228
183229
183230
183231
183232
183233
183234
183315
183316
183317
183318
183319
183320
183398
183399
183400
183401
183402
183403
183404
183405
183406
183407
183638
183641
183936
183937
183938
183939
183940
183941
183942
183943
183944
183945
183971
183972
183973
183974
183975
183976
184040
184143
184144
184145
184146
184147
184148
184149
184150
184151
184152
184153
184154
184266
184267
184268
184399
184400
184401
184402
184403
184404
184405
184522
184523
184524
184525
184526
184527
184528
184529
184530
184531
184581
184582
184583
184584
184585
184586
184767
184768
184769
184770
184771
184772
184773
184806
184807
184808
184809
184810
185062
185063
185064
185065
185066
185067
185068
185069
185326
185327
185328
185329
185330
185331
185469
185540
185541
185542
185543
185865
185866
185867
185868
185869
185870
185871
185872
185880
185881
185882
185883
185884
185885
185886
185887
185888
185949
185950
185951
185952
185953
185954
186000
186024
186025
186026
186027
186028
186029
186030
186031
186032
186033
186034
186035
186085
186086
186087
186088
186089
186090
186091
186092
186093
186094
186095
186096
186097
186098
186099
186100
186101
186139
186140
186141
186142
186143
186144
186381
186382
186383
186384
186385
186386
186387
186388
186445
186446
186447
186448
186449
186450
186811
186812
186813
186814
186815
186816
186817
186818
186819
186820
186821
186822
186846
186847
186848
186849
186850
186851
187106
187107
187108
187109
187110
187111
187112
187113
187114
187115
187116
187117
187276
187277
187278
187279
187280
187281
187282
187283
187284
187285
187286
187287
187288
187289
187290
187291
187292
187293
187294
187306
187334
187335
187336
187337
187338
187339
187340
187341
187379
187380
187381
187382
187383
187384
18750
187505
187506
187507
187508
187522
187523
187524
187525
187526
187923
187924
187925
187926
187927
187988
187989
188002
188003
188004
188005
188006
188007
188030
188031
188032
188201
188202
188203
188331
188385
188386
188387
188388
188389
188390
188391
188392
188393
188394
188395
188396
188397
188398
188399
188400
188401
188402
188403
188404
188619
188620
188621
188622
188623
188624
188709
188710
188711
188712
188713
188714
188739
188740
188741
188742
188743
188744
188880
188881
188882
188883
188884
188885
188886
188887
188905
188906
188907
188908
188909
188937
188938
188939
188957
188958
188959
188960
188961
188962
188963
188964
188965
188966
188981
188982
188983
188984
188985
188986
188987
188988
188989
188990
188991
189060
189061
189062
189063
189064
189065
189066
189067
189068
189234
189413
189414
189415
189416
189417
189418
189419
189420
189457
189458
189459
189460
189461
189462
189463
189464
189544
189545
189546
189547
189548
189549
189562
189563
189564
189565
189566
189567
189568
189569
189570
189606
189607
189608
189609
189610
189611
189924
189925
189926
189927
189928
189929
189930
189931
190089
190090
190091
190370
190371
190372
190373
190374
190375
190415
190416
190417
190418
190419
190420
190421
190555
190556
190557
190558
190559
190560
190573
190574
190575
190576
19063
190637
190638
190639
190640
190641
190642
190643
190644
190645
19085
19087
190875
190876
190877
190878
190879
190880
19094
191077
191078
191079
191080
191081
191082
191083
191084
191085
191086
191169
191170
191212
191213
191214
191215
191216
191217
191271
191272
191273
191274
191275
191276
191277
191278
191279
191280
191384
191385
191386
191387
191388
191389
191390
191391
191392
191393
191394
191395
191396
191397
191398
191399
191400
191401
191402
191403
191404
191405
191406
191407
191408
191409
191410
191411
191412
191413
19154
191588
191589
191590
191591
191592
191593
191684
191685
191686
191687
191688
191689
191690
191691
191692
191693
191694
191695
191696
191697
191698
191699
191700
191701
191758
191759
191760
191761
191762
191763
191878
191879
191880
191881
191951
191989
191990
191991
191992
191993
191994
191995
191996
191997
191998
191999
192000
192001
192002
192003
192043
192044
192120
192121
192122
192123
192124
192125
192198
192199
192200
192201
192202
192203
192247
192248
192249
192250
192251
192252
192340
192341
192342
192343
192344
192358
192359
192360
192361
192362
192363
192364
192427
192945
192946
192947
192948
192949
192950
192951
192952
192985
192986
192987
192988
192989
192990
192991
192992
193012
193013
193014
193015
193016
193017
193036
193037
193038
193039
193040
193041
193042
193043
193121
193141
193142
193143
193314
193315
193316
193317
193318
193319
193395
193396
193397
193398
193399
193400
193401
193402
193403
193404
193405
193406
193407
193408
193409
193410
193847
193848
193849
193860
193861
193862
193863
193864
193865
193866
193867
194033
194034
194035
194036
194037
194038
194048
194049
194050
194051
194052
194053
194054
194055
194056
194057
194058
194059
194060
194061
194062
194063
194064
194087
194088
194089
194090
194091
194092
19411
19412
19413
194165
194166
194167
194368
194369
194370
194371
194434
194435
194436
194437
194438
194439
194461
194462
194463
194464
194465
194533
194534
194535
194536
194537
194538
194740
194936
194937
194938
194939
194940
194941
194942
194943
195121
195122
195184
195185
195186
195187
195188
195189
195190
195191
195192
19523
195364
195365
195366
195367
195564
195565
195566
195567
195568
195569
195637
195753
195754
195755
195756
195757
195758
195846
195847
195848
195849
195850
195851
195957
195958
195959
195960
195961
195962
196074
196075
196076
196077
196078
196079
196080
196179
196180
196379
196380
196381
196382
196383
196384
196399
196400
196401
196402
196403
196404
196405
196406
196439
196440
196441
196442
196443
196444
196445
196446
196447
196448
196489
196490
196769
196770
196771
196772
196773
196774
196851
196852
196853
196854
196855
196856
196857
196858
196863
196864
196865
196866
196867
196868
196869
196870
196926
196927
196928
196929
196930
196931
197003
197004
197005
197006
197007
197008
197009
197010
197011
197012
197325
197326
197418
197419
197420
197421
197422
197423
197424
197425
197460
197461
197462
197463
197464
197465
197466
197467
197510
197511
197512
197513
197514
197515
197516
197650
197651
197652
197653
197654
197655
197656
197657
197658
197670
197758
197759
197848
197849
197850
197851
197852
197853
197854
19801
198027
198028
198029
198030
198031
198032
198126
198127
198128
198129
198130
198131
198132
198316
198317
198318
198319
198320
198321
198322
198323
198324
198325
198326
198327
198369
198370
198371
198372
198373
198374
198375
198376
198377
198378
198379
198521
198615
198616
198617
198618
198619
198620
198621
198622
198628
198629
198630
198631
198632
198633
198634
198635
198636
198637
198661
198662
198663
198664
198756
198757
198761
198762
198763
198764
198765
198874
198875
198876
198877
198878
198879
198880
198881
198882
198883
198897
198898
198899
198900
198953
198954
198955
199144
199145
199146
199415
199478
199479
199480
199481
199482
199483
199484
199485
199537
199538
199539
199540
199597
199598
199599
199600
199601
199602
199603
199604
199605
199606
199607
199608
199609
199634
199635
199636
199637
199638
199639
199640
199641
199642
199643
199644
199645
199646
199647
199648
199649
199650
199651
199652
199653
199654
199655
199656
199657
199658
199659
199660
199661
199662
199663
199711
199712
199713
199714
199715
199716
199717
199718
199719
199720
199732
199885
199886
199887
199888
199889
199890
199891
199892
199893
199894
199895
199928
200267
200268
200269
200270
200271
200272
200284
200285
200286
200287
200288
200289
200290
200291
200292
200293
200337
200338
200390
200391
200392
200393
200394
200395
200566
200567
200568
200569
200570
200571
200572
200573
200677
200678
200679
200680
200681
200682
200683
200684
200685
200686
200687
200688
200689
200690
200691
200692
200693
200694
200695
200696
200697
200698
200761
200762
200763
200764
200765
200766
200767
200768
200769
201032
201033
201034
201035
201036
201037
201038
201039
201040
201153
201154
201155
201156
201157
201158
201261
201262
201263
201264
201265
201266
201566
201567
201568
201569
201570
201571
201572
201573
201595
201596
201597
201598
201599
201600
201601
201602
201603
201604
201605
201646
201647
201648
201649
201650
201651
201652
201653
201654
201695
201696
201697
201698
201699
201700
201760
201761
201762
201763
201764
201765
201766
201767
202000
202001
202002
202003
20201
202032
202033
202034
202035
202036
202037
202038
202039
202040
202113
202114
202286
202287
202288
202289
202290
202291
202292
202293
2025
202571
202572
202573
2026
202723
202724
202725
202853
202854
202855
202856
202857
202858
202859
202860
202861
202891
203018
203019
203020
203021
203022
203023
203024
203025
20306
20313
203169
203170
203171
203172
203173
203174
203175
203176
203177
203178
203204
203205
203206
203207
203208
203209
203210
203211
203302
203303
203304
203305
203306
203307
203308
203309
203310
203311
203326
203327
203328
203329
203330
203339
203340
203341
203342
203343
203344
203345
203346
203347
203348
203349
203350
203351
203352
203353
203392
203393
203394
203395
203396
203397
203398
203399
203400
203469
203470
203471
203472
203473
203568
203569
203570
203571
203572
203573
203574
203575
203576
203702
203703
203704
203705
203706
203707
203761
203762
203763
203764
203765
203766
203767
203768
203769
203770
203771
203772
203794
203795
203796
203797
203798
203799
203830
203831
203832
203833
203834
203835
203836
203837
203838
203839
203853
203854
203855
203856
203857
203858
203859
203860
203990
203991
203992
203993
203994
203995
203996
203997
203998
203999
204112
204113
204114
204115
204116
204117
204242
204243
204244
204251
204342
204343
204344
204345
204346
204347
204348
204401
204402
204403
204404
204405
20441
20442
204451
204452
204453
204454
204455
204456
204457
204458
20451
20453
204532
204533
204534
20461
204618
204619
204620
204621
204622
204623
204624
204625
204626
204627
20463
204647
204648
204649
20465
204650
204651
204652
204714
204715
204716
204717
204718
204719
204720
204721
204883
204884
204905
204906
204907
204908
204909
204910
205298
205299
205300
205301
205302
205303
205404
205405
205406
205407
205408
205409
205410
205411
205494
205495
205496
205497
205498
205499
205519
205520
205521
205522
205687
205688
205689
205690
205691
205692
205693
205694
205695
205696
205707
205708
205709
205710
205711
205785
205786
205787
205788
205789
205790
205929
205930
205969
205970
205971
205972
206120
206121
206122
206123
206135
206136
206137
206138
206139
206140
206141
206142
206215
206216
206217
206218
206219
206220
206371
206372
206373
206455
206456
206457
206458
206459
206460
206461
206462
206463
206464
206465
206466
206467
206468
206469
206470
206471
206472
20652
20654
20662
206625
20663
206658
20667
206791
206792
206793
206794
206795
206796
206797
206798
206799
206800
206801
206802
206803
206804
206805
206806
206807
206808
206809
206810
206931
206932
206933
206934
206935
206936
206937
206938
207114
207115
207116
207117
207118
207119
207120
207121
207122
207164
207165
207166
207167
207168
207169
207170
207171
207172
207313
207314
207315
207316
207467
207468
207469
207470
207471
207472
207473
207474
207475
207541
207542
207543
207544
207545
207546
207547
207548
207555
207556
207557
207558
207559
207560
207561
207562
207563
207564
207656
207657
207658
207659
207660
207661
207775
207776
207777
207778
207779
207780
207781
207782
207818
207819
207820
207821
207822
207823
207824
207825
207826
207827
207828
207829
208004
208005
208051
208052
208053
208054
208055
208056
208057
208058
208059
208060
208061
208177
208178
208179
208180
208181
208182
208232
208233
208234
208235
208236
208237
208330
208331
208332
208333
208334
208335
208336
208337
208338
208388
208389
208390
208391
208392
208393
208394
208871
208872
208873
208874
208875
208970
208971
208972
208973
208974
208975
208976
208977
208978
209053
209054
209055
209056
209057
209081
209127
209128
209129
209130
209131
209132
209133
209327
209328
209329
209330
209331
209360
209361
209362
209363
209364
209365
209409
209410
209411
209412
209413
209414
209415
209416
209417
209418
209425
209426
209427
209428
209429
209430
209431
209503
209504
209505
209506
209507
209508
209652
209653
209654
209655
209656
209657
209658
209659
209739
209740
209741
209742
209743
209744
209747
209748
209749
209750
209751
209752
209753
209754
209755
209756
209757
209758
209759
209955
209956
209957
209958
209959
209960
210074
210075
210076
210077
210078
210099
210100
210101
210102
210103
210104
210105
210106
210107
21022
210245
210246
210247
210248
210249
210250
210251
210252
210253
210681
210682
210683
210684
210685
210804
210805
21087
21091
21092
21093
21094
21095
211048
211049
211050
211051
211052
211053
211054
211055
211056
211084
211085
211086
211087
211088
211089
211090
211091
211199
211200
211201
211202
211203
211204
211205
211206
211231
211232
211233
211234
211235
211236
211237
211238
211239
211240
211241
2113
211334
211335
211336
211337
211347
211348
211349
211353
211354
211355
211600
211601
211602
211603
211604
211605
211606
211607
211608
211620
211621
211622
211623
211997
211998
211999
212000
212001
212002
212161
212162
212170
212171
212172
212173
212174
212175
212176
212177
212512
212513
212514
212515
212516
212517
212527
212872
212873
212874
212875
212876
212877
212878
212879
212880
213163
213164
213165
213166
213224
213225
213226
213227
213228
213229
213388
213389
213390
213391
213392
213393
213394
213395
213396
213397
213548
213549
213550
213551
213552
213553
213554
213555
213556
213610
213611
213612
213613
213614
213615
213669
213670
213671
213672
213701
213702
213703
213704
213705
213706
213707
213708
213709
213710
213721
213722
213723
213724
213725
213726
213795
213796
213797
213798
213799
213858
213859
213860
213861
213862
213863
213921
213922
214009
214010
214011
214012
214013
214014
214015
214016
214017
214018
214092
214113
214114
214115
214116
214117
214118
214119
214120
214121
214122
214143
214144
214145
214146
214147
214148
214149
214150
214151
214152
214153
214154
214155
214270
214271
214272
214273
214274
214275
214276
214368
214369
214370
214371
214372
214373
214374
214375
214464
214465
214506
214507
214508
214524
214525
214526
214527
214528
214529
214530
214531
214532
214533
214698
214699
214700
214701
214702
214703
214726
214727
214728
214729
214730
214731
214732
214770
214771
214772
214773
214774
214775
214924
214925
214926
214927
214928
214929
215016
215017
215018
215019
215020
215021
215022
215023
215024
215025
215026
215027
215028
215029
215030
215031
215032
215033
215034
215035
215036
215037
215038
215039
215040
215041
215042
215043
215243
215244
215245
215246
215247
215407
215408
215409
215410
215411
215412
215449
215450
215451
215452
215453
215454
215680
215681
215682
215683
215684
215685
215686
21593
215964
215965
215966
215967
215968
215969
215970
215971
215972
215973
216026
216027
216028
216029
216030
216031
216032
216033
216034
216035
216036
216195
216196
216197
216198
216199
216200
216201
216202
216203
216204
216295
216296
216297
216490
216491
216492
216493
216494
216495
216555
216556
216557
216558
216559
216560
216561
216562
216563
216586
216587
216588
216589
216590
216591
216609
216610
216611
216612
216613
216614
216615
216616
216617
216618
216669
216670
216671
216672
216673
216674
216691
216692
216693
216694
216695
216696
216711
216712
216713
216852
216853
216854
216855
216856
216857
216858
216859
216860
217020
217120
217121
217122
217123
217124
217125
217126
217127
217128
217129
217130
217223
217224
217225
217226
217227
217228
217266
217267
217268
217269
217270
217271
217272
217273
217274
217275
2174
217462
217463
217464
217465
217466
217467
217468
217469
217470
217471
217501
217502
217503
217504
217505
217506
217507
217508
217509
217638
217639
217640
217641
217642
217643
217644
217659
217660
217661
217662
217663
217664
217693
217694
217695
217696
217697
217698
217699
217700
217710
217711
217712
2178
2179
217991
217992
218064
218065
218066
218067
218068
218069
218070
218071
218072
218201
218202
218203
218204
218205
218206
218235
218236
218237
218238
218239
218240
218308
218309
218310
218311
218312
218313
218427
218428
218429
218464
218495
218496
218497
218498
218499
218500
218501
218502
218503
219118
219119
219120
219121
219122
219123
219124
219125
219126
219127
219128
219156
219157
219158
219159
219160
219161
219162
219163
219244
219245
219246
219247
219248
219249
219250
219280
219281
219282
219283
219284
219285
219286
219287
219288
219289
219290
219446
219447
219448
219449
219450
219451
219452
219453
219454
219455
219456
219457
219458
219459
219477
219478
219479
219480
219481
219482
219496
219497
219498
219499
219500
219501
219617
219618
219619
219620
219621
219622
219623
219685
219686
219687
219688
219689
219690
219747
219846
219847
219848
219849
219850
219851
219852
219853
219854
219855
219906
219907
219908
219909
219910
219911
219912
219913
219952
219953
219954
219955
219956
219957
219958
219959
219960
219961
220092
220107
220118
220119
220120
220121
220122
220123
220124
220125
220216
220217
220218
220402
220403
220404
220405
220406
220407
220607
220608
220609
220610
220611
220612
220637
220638
220639
220640
220641
220642
220643
220786
220787
220788
220789
220790
220791
220792
220793
220859
220884
220885
220886
220887
220888
220889
220890
220891
220892
221265
221266
221267
221286
221287
221288
221289
221290
221291
221292
221293
221294
221295
221358
221359
221360
221361
221362
221363
221418
221419
221420
221421
221422
221423
221424
221425
221426
221427
221428
221586
221587
22163
22164
22165
22166
221687
221688
221689
221690
221691
221692
221980
221981
222167
222168
222169
222170
222171
222172
222173
222174
222175
222176
222352
222353
222354
222355
222356
222357
222374
222375
222376
222377
222378
222379
222380
222381
222382
222383
222498
222499
222500
222501
222502
222503
222668
222669
222670
222671
222672
222673
222674
222675
222676
222677
222678
222679
222680
222681
222682
222683
222684
222685
222686
222687
222688
222689
222728
222729
222730
222731
222732
222733
222734
222735
222757
222758
222759
222760
222761
222762
222842
222917
222942
222943
222944
222945
222946
222947
222948
222949
222950
222951
222952
222953
222954
222955
222956
222969
222970
223067
223107
223108
223109
223110
223111
223112
223113
223114
223218
223219
223220
223221
223222
223223
223224
223225
223226
223390
223391
223392
223393
223394
223395
223396
223397
223399
223400
223401
223402
223403
223404
223405
223406
223407
223408
223409
223410
223423
223424
223425
223426
223427
223428
223429
223440
223441
223442
223443
223444
223445
223551
223552
223553
223554
223555
223556
223557
223558
223559
223658
223659
223660
223661
223662
223663
223664
223665
223666
223712
223713
223714
223715
223716
223717
223746
223747
223748
223749
223842
223843
223844
223845
223846
223847
223853
223854
223855
223856
223857
223858
224050
224051
224052
224053
224054
224137
224138
224139
224140
224215
224216
224217
224218
224219
224220
224221
224222
224223
224224
224236
224237
224238
224239
224240
224272
224273
224274
224275
224276
224277
224370
224490
224491
224492
224493
224494
224495
224496
224497
224549
224550
224551
224552
224553
224554
22487
22488
22489
224986
224987
225065
225066
225067
225068
225069
225070
225071
225072
225073
225074
225075
225076
225120
225121
225122
225123
225124
225125
225165
225166
225167
225168
225169
225170
225171
225172
225173
225174
225262
225263
225264
225265
225266
225267
225512
225513
225514
225515
225548
225549
225550
225578
225579
225580
225581
225662
225663
225664
225665
225666
225667
225668
225669
225670
225671
225672
225673
225674
225791
225792
225793
225794
225795
225796
225797
225798
225883
225884
225885
225886
225887
225888
225889
225890
225891
226072
226073
226074
226075
226076
226077
226252
226253
226254
226255
226256
226257
226258
226259
226260
226261
226262
226263
226358
226359
226360
226361
226362
226363
226364
226365
226366
226367
226368
226369
226588
226589
226875
226876
226877
226878
226879
226880
226881
226882
227194
227195
227303
227304
227305
227306
227307
227308
227309
227686
227687
227688
227689
227972
227973
227974
227975
227976
227977
227978
227979
227980
228030
228031
228032
228033
228034
228035
228130
228131
228132
228133
228134
228135
228136
228137
228138
228139
228140
228141
228142
228143
228144
228145
228146
228147
228148
228149
228150
228151
228152
228153
228154
228178
228179
228180
228181
228182
228183
228190
228191
228192
228193
228194
228195
228196
228197
228198
228199
228435
228436
228437
228438
228439
228440
228441
228442
228599
228600
228601
228602
228603
228604
228605
228606
228607
228608
228704
228705
228706
228707
228708
228709
228894
228895
228896
228897
228898
228899
229017
229018
229019
229020
229021
229052
229053
229054
229055
229056
229057
229058
229059
229060
229061
229062
229063
229127
229210
229211
229212
229213
229214
229215
229216
229310
229311
229312
229313
229314
229315
229316
229317
229318
229319
229380
229381
229382
229383
229384
229385
229386
229387
229388
229389
229390
229391
229392
229393
229394
229395
229396
229397
229399
229400
229401
229402
229403
229404
229405
229406
229407
229408
229409
229410
229613
229614
229615
229616
229617
229618
229671
229714
229715
229716
229717
229718
229719
229720
229785
229786
229787
229788
229789
229790
229791
229792
229852
229853
230051
230052
230053
230064
230065
230418
230419
230420
230421
230422
230423
230424
230425
230538
230539
230540
230541
230542
230547
230548
230549
230550
230551
230552
230583
230584
230585
230586
230587
230588
230589
230590
230591
230592
230593
230594
230595
230596
230597
230643
230644
230645
230646
230647
230648
230668
230669
230670
230671
230672
230697
230698
230699
230700
230701
230702
230840
230885
230927
230928
230979
230980
230981
230982
230983
230984
231030
231031
231032
231033
231034
231035
231036
231037
231076
231077
231078
231142
231288
231289
231290
231291
231292
231293
231294
231295
231296
231297
231298
231299
231445
231446
231447
231448
231449
231513
231514
231515
231516
231517
231518
231519
231520
231521
231522
231523
231524
231525
231526
231527
231705
231706
231707
231708
231709
231710
231711
231745
231746
231747
231748
231749
231750
231751
231752
231753
231754
231755
231756
231757
231758
231759
231760
231761
231762
231763
231764
231765
231848
231849
231850
231851
231852
231853
231854
231855
231856
231863
231864
231865
231866
231867
231868
231869
231870
231871
231872
231873
231874
231875
231876
231877
231878
231879
231880
231957
231958
231959
231960
231961
232150
232151
232152
232153
232154
232155
232156
232157
232158
232159
232181
232182
232183
232184
232185
232186
232187
232188
232189
232190
232191
232192
232202
232203
232204
232205
232206
232207
232445
232446
232447
232448
232764
232765
232766
232767
232768
232769
232770
232771
232772
232773
232774
232775
232776
232777
232778
232807
232808
232809
232810
232811
232812
232922
232923
232924
232925
232926
232927
232928
232929
232930
232931
232932
233025
233095
233096
233097
233098
233099
233100
233101
233102
233103
233104
233151
233210
233211
233212
233213
233214
233215
233232
233233
233234
233235
233236
233237
233256
233257
233258
233259
233260
233261
233378
233379
233380
233381
233382
233383
233384
233385
233386
233387
233388
233389
233390
233391
233392
233393
233394
233634
233635
233636
233637
233638
233639
233687
233688
233689
233690
233691
233692
233693
233694
233695
233696
233697
233698
233757
233758
233759
233760
233761
233762
233763
233764
233765
233781
233782
233783
233784
233785
233786
233787
233788
233805
233957
233958
233959
233960
233961
233963
233964
233965
233966
233967
233968
233969
233970
233971
234156
234157
234158
234159
234160
234161
234162
234163
234164
234165
234301
234302
234303
234304
234305
234389
234390
234391
234392
234393
234394
234581
234582
234583
234584
234585
234586
234587
234588
234662
234663
234664
234665
234666
234667
234668
234669
234670
234671
234672
234746
234747
234748
234749
234750
234751
234780
234781
234782
234783
234784
234785
234786
234787
234857
234962
234963
234964
234965
234966
234967
235056
235057
235058
235059
235060
235061
235062
235063
235064
235092
235093
235094
235095
235096
235097
235098
235099
235100
235101
235102
235109
235110
235111
235112
235113
235114
235115
235132
235133
235134
235135
235136
235137
235138
235139
235140
235204
235205
235206
235207
235208
235209
235210
235211
235212
235406
235407
235408
235409
23541
235410
235432
23565
235656
235657
235658
235659
235660
235661
23567
23568
235683
235684
235685
235686
235687
235688
23571
235896
235897
235898
235899
235900
235901
235902
235903
235904
235905
235906
235907
235908
235909
236067
236068
236069
236070
236071
236072
236073
236074
236075
236076
236101
236102
236103
236104
236105
236106
236431
236432
236433
236434
236435
236436
236537
236538
236539
236540
236541
236542
236543
236544
236545
236546
236642
236643
236644
236645
236646
236647
236671
236672
236673
236674
236675
236676
236677
236678
236679
23696
236971
236972
236973
236974
236975
236976
236977
236978
236979
236980
236981
236982
236983
236984
236985
236986
237141
237142
237143
237144
237145
237146
237147
237148
237149
237150
237151
237152
237153
237154
237155
237323
237324
237325
237326
237327
237328
237329
237330
237334
237335
237336
237337
237338
237339
237340
237341
237342
237343
23766
237746
237747
237760
237761
237762
237763
237764
237765
237766
237767
237768
237769
237770
237859
237860
237861
237862
237863
237864
237865
237866
23794
23795
23796
237978
23798
238222
238223
238224
238225
238226
238227
238297
238298
238299
238300
238301
238302
238721
238722
238723
238724
238725
238726
238823
238824
238825
238826
238827
238828
238961
238962
238963
238964
238965
238966
238967
238968
239029
239030
239031
239032
239033
239034
239264
239265
239266
239267
239268
239269
239270
239271
239272
239273
239274
239275
239343
239344
239398
239399
239400
239401
239402
239403
239404
239412
239413
239414
239415
239416
239417
239418
239419
239420
239421
239422
239526
239527
239528
239529
239530
239531
239544
239545
239546
239547
239548
239549
239838
239839
239840
239841
239842
239843
240182
240183
240184
240185
240430
240431
240432
240433
240434
240435
240436
240437
240446
240447
240448
240449
240450
240451
2405
2407
240733
240734
240735
240736
240737
240738
240739
240740
240741
240829
240830
240831
240832
240833
240834
240835
240842
240843
240844
240845
240846
240847
240848
240849
240909
240910
240911
240912
240913
240914
240915
240916
240917
240918
241554
241555
241556
241557
241587
241588
241589
241590
241591
241592
241593
241594
241595
241596
241715
241846
241847
241848
241849
241850
241851
241852
241853
241854
241930
241931
241967
241968
241969
241970
241971
241972
241973
241974
241975
241976
241990
242063
242064
242065
242066
242067
242068
242069
242070
242095
242096
242097
242098
242099
242100
242101
242102
242153
242282
242283
242284
242285
242286
242287
242288
242289
242598
242599
242600
242601
242602
242617
242618
242619
242620
242621
242622
242680
242681
242682
242683
242684
242685
242686
242687
242689
242690
242691
242692
242693
242694
242695
242696
242697
242698
242783
243127
243128
243129
243130
243131
243132
243133
243134
243158
243159
243160
243161
243162
243163
243164
243233
243234
243235
243236
243237
243238
243239
243240
243393
243394
243727
243728
243729
243730
243731
243732
243973
243974
243975
243976
243977
243978
243979
243980
243981
243982
244014
244060
244061
244414
244415
244416
244417
244418
244419
244420
244421
244489
244490
244491
244492
244493
244494
244495
244496
245179
245180
245181
245182
245183
245184
245185
245186
245225
245226
245227
245228
245229
245230
24534
245374
245375
245376
245377
24570
245710
245711
245712
245713
245714
245715
245716
245784
245785
245840
245841
245842
245843
245844
245845
245986
245987
245988
245989
245990
245991
246124
246125
246196
246197
246206
246207
246208
246209
246210
246211
246212
246213
246485
246486
246487
246488
246489
246490
246587
246588
246589
246590
246591
246592
246593
246594
246595
246596
246764
246765
246766
246767
246768
246769
246900
24698
247069
247070
247071
247072
247073
247074
247096
247097
247098
247099
247100
247101
247102
247103
247104
247149
247150
247151
247152
247153
247154
247155
247156
247160
247161
247162
247163
247164
247165
247520
247521
247522
247523
247524
247525
247764
247765
247766
247767
247768
247769
247808
247891
247892
247893
247894
247895
24800
248396
248397
248398
248399
248400
248401
248449
248450
248451
248452
248453
248454
248455
248456
248457
248458
248459
248669
248670
248777
248778
248779
248780
248781
248782
248783
248784
248785
248786
248945
248946
248947
248948
248949
248950
249025
249026
249027
249053
249094
249095
249096
249097
249098
249099
249100
249189
249498
249499
249606
249607
249608
249609
249610
249611
24969
249708
249716
249717
249718
249719
249720
249721
249722
249723
249724
249725
249726
249727
249728
249729
249730
249731
249732
249733
249734
249735
249736
249737
249738
249788
249789
249790
249791
249792
249793
249794
249795
249796
249797
249798
249799
24981
249816
249817
249818
249819
249820
249821
249822
249823
249824
249825
249826
24985
249862
249863
249864
249865
249866
249867
24998
250026
250027
250046
250047
250048
250049
250050
250051
250052
250053
250054
250055
250103
250104
250105
250106
250283
25031
250336
250337
250375
250376
250377
250378
250379
250380
250381
250382
250441
250442
250443
250444
250445
250446
250447
250448
250490
250491
250492
250493
250494
250495
250496
250497
250498
250499
250500
250501
250502
250643
250644
250645
250646
250647
250648
250649
250650
250651
250652
250653
250654
250766
250767
250768
250769
250770
250771
251140
251141
251142
251267
251268
251269
251270
251271
251272
251273
251274
251275
251276
251291
251292
251293
251294
251295
251296
251313
251557
251558
251559
251560
251561
251562
251563
251564
251565
251566
251567
251568
251612
251613
251614
251781
251782
251783
252105
252106
252107
252108
252109
252110
252111
252288
252289
252290
252291
252292
252293
252294
252295
252296
252385
252386
252387
252388
252389
25239
252390
252391
252392
252393
252394
252395
252396
25268
25269
25270
25271
25272
25274
25275
25276
252769
252770
252771
252772
252773
252774
252775
252776
252777
253022
253023
253024
253025
253026
253027
253028
253064
253065
253066
253067
253068
253069
253070
253071
253072
253073
253074
253075
253122
253123
253124
253125
253126
253127
253128
253129
253130
253193
253194
253195
253196
253197
253198
253199
253200
253480
253481
253482
253483
253484
253485
253486
253487
253771
254155
254156
254157
254158
254159
254160
254161
254162
254163
254321
254343
254344
254345
254346
254347
254348
254349
254350
254351
254364
254365
254366
254367
254436
254437
254438
254439
254440
254441
254442
254443
254444
254445
254446
254447
254469
254470
254471
254472
254473
254474
255252
255253
255254
255255
255256
255257
255346
255347
255348
255349
255350
255351
255678
255679
255680
255681
255682
255683
255684
255685
255709
255710
255711
255712
255713
255714
255715
255716
255781
255783
255784
255785
255786
255787
255788
255789
255790
255791
255792
255793
255794
255795
255796
255797
255798
256276
256277
256278
256279
256280
256281
256445
256446
256447
256448
256449
256450
256451
256452
256453
256697
256698
256699
256700
256701
256702
256703
256704
256705
256706
256707
256708
256709
256798
256799
256800
256801
256802
256803
256850
256851
256852
256853
256854
256855
256856
256857
256858
257127
257128
257129
257130
257131
257132
257133
257134
257319
257320
257448
257694
257695
257696
257697
257698
257699
257700
257701
257849
257850
257851
257852
257853
257854
257855
257856
257992
257993
257994
257995
257996
257997
257998
257999
258000
258009
258010
258011
258012
258013
258014
258015
258016
258032
258033
258034
258035
258036
258037
258038
258039
258040
258437
258438
258680
258681
258682
258683
258684
258685
258723
258724
258725
258726
258727
258728
258729
258730
258731
258796
258797
258798
258799
258800
258801
25898
259064
259065
259066
259067
259068
259069
259124
259125
259126
259127
259128
259129
259130
259230
259231
259232
259233
259234
259235
259293
259294
259295
259296
259297
259298
259299
259300
259301
259350
259445
259446
259447
259448
259449
259450
259451
259452
259541
259542
259543
259544
259545
259546
259547
259611
259719
259720
259721
259722
259723
259724
259901
259902
259903
259904
259905
259906
259907
259908
260131
260132
260133
260134
260135
260136
260137
260138
260139
260409
260410
260411
260412
260413
260414
260415
260416
260417
260480
260481
260482
260483
260484
260485
260486
260487
260734
260735
260736
260737
260738
260739
260826
260827
260828
26090
26091
261082
261083
261084
261085
261086
261087
261088
261089
261090
261091
261106
261107
261108
261109
261110
261111
261112
261113
261114
261115
261166
261167
261168
261169
261192
261193
261194
261195
261196
261197
261198
261199
261402
261403
261404
261405
261406
261407
261408
261409
261601
261602
261603
261604
261605
261606
261607
261608
261668
261669
261872
261873
261874
261875
261876
261877
261936
261937
261938
261939
261940
261941
261942
261943
261944
261945
261946
261947
261948
261949
261950
261951
261952
261953
261971
261972
262107
262108
262109
262153
262154
262155
262156
262157
262158
262159
262160
262302
262303
262304
262305
262306
262307
262308
262309
262324
262325
262326
262327
262328
262329
262330
262331
262459
262460
262461
262462
262463
262464
262465
262466
262467
262468
262726
262727
262728
262729
262730
262731
262732
262756
262757
262758
262759
262760
262761
262762
262763
262764
262765
262878
262879
262880
262881
262882
262883
26298
26299
263013
263014
263015
263016
263017
263018
263019
263020
263021
263022
263023
263024
263025
263026
263027
263141
263142
263143
263144
263145
263146
263147
263148
263183
263184
263185
263186
263187
263188
263340
263341
263342
263343
263344
263345
263443
263444
263445
263446
263447
263448
263640
263641
263642
263643
263644
263645
263646
263647
263648
263649
263671
263672
263673
263674
263675
263676
263677
263678
263699
2637
263700
263701
263702
263703
263704
263705
263706
263707
263708
263709
263710
263711
263712
263740
263741
263742
263743
263744
263745
263746
263747
263748
263749
263886
263887
263888
263889
263890
263891
264107
264108
264109
264110
264111
264112
264113
264114
264115
264280
264281
264282
264283
264284
264285
264286
264287
264372
264373
264374
264375
264376
264377
264378
264379
264380
264381
264382
264383
264384
264385
264386
264572
264573
264574
264575
264576
264577
264578
264579
264580
264581
264582
264583
264877
264878
264879
264880
264881
265100
265101
265102
265120
265121
265122
265123
265124
265125
265126
265127
265128
265129
265130
265131
265266
265267
265268
265269
265270
265271
265272
265273
265346
265347
265348
265349
265350
265351
265352
265353
265369
265370
265371
265372
265373
265374
265375
265376
265460
265461
265462
265463
265464
265465
265466
265467
265468
265516
265517
265518
265519
265520
265598
265599
265600
265601
265602
265603
265604
265979
265980
265981
265982
265983
265984
266098
266099
266100
266101
266102
266103
266104
266105
266106
266107
266108
266109
266287
266288
266289
266290
266291
266292
266293
266294
266389
266857
266858
266859
266860
266861
266862
267303
267322
267323
267324
267325
267326
267327
26773
267877
267878
267879
267880
267881
267882
267883
267884
268047
268048
268049
268050
268051
268052
268053
268054
268055
268056
268057
268058
268242
268243
268244
268245
268246
268247
268248
268249
268250
268251
268293
268294
268295
268296
268297
268298
268538
268539
268540
268541
268542
268543
268544
268545
268642
268643
268644
268645
268646
268647
268648
268649
268701
268702
268713
268714
268715
268716
268717
268718
268719
268720
268807
268808
268809
268810
268811
268812
268932
268933
268934
268935
268946
268947
268948
268949
268950
268951
269047
269048
269049
269050
269051
269052
269096
269097
269098
269099
269100
269101
269159
269160
269161
269162
269163
269164
269165
269225
269226
269227
269236
269237
269238
269239
269240
269241
269546
269547
269548
269549
269550
269551
269552
269553
269554
269557
269558
269559
269560
269561
269562
269584
269595
269885
269886
269887
269888
269889
269890
270191
270192
270193
270194
270195
270196
270197
270198
270199
270734
270735
270736
270737
270738
270739
270740
270741
270742
270743
270760
270761
270762
270763
270764
270765
270984
271112
271113
271114
271391
271392
271620
271621
271622
271623
271624
271625
272192
272193
272194
272195
272196
272197
272299
272300
272301
272302
272303
272304
272306
272307
272308
272309
272310
272311
272405
272406
272407
272453
272454
272455
272456
272641
272642
272643
272644
272858
273366
273367
273368
273369
273370
273371
273372
273373
273374
273375
273376
273377
273451
273452
273453
273454
273455
273456
273457
273458
273621
273622
273623
273624
273625
273626
273640
273641
273642
273643
273644
273645
273646
273647
273648
273887
274004
274005
274006
274017
274018
274019
274020
274021
274022
274358
274359
274360
274361
274362
274363
274403
274404
274859
274860
274861
274862
274863
274864
274865
274866
274867
274868
274869
274870
274871
274872
274873
274874
274884
274966
274967
274968
274969
274970
274971
274972
274973
274974
274975
275014
275015
275016
275017
275018
275019
275020
275021
275022
275023
275024
275025
275192
275193
275194
275195
275196
275197
275198
275199
275200
275404
275405
275406
275407
275408
275409
275570
275571
275572
275573
275574
275575
275606
275607
275608
275609
275610
275611
275899
275900
275901
275902
275903
275904
275952
275953
275954
275955
276051
276052
276053
276054
276055
276056
276057
276058
276059
276168
276169
276170
276171
276172
276173
276174
276175
276261
276262
276263
276264
276265
276266
2763
276303
276304
276305
276306
276307
276308
276315
276316
276317
276318
276319
276320
276321
276322
276323
2764
276439
276440
276441
276442
276443
276444
276445
276446
276447
276448
276449
276450
2765
276947
276948
276949
276950
276951
276952
276953
276954
276955
276956
276957
276958
276959
276960
276961
276962
276963
276964
276965
276966
276967
276968
276969
276970
276997
276998
276999
277000
277127
277128
277129
277130
277131
277132
277133
277134
277361
277362
277363
277364
277365
277366
277529
277530
277531
277532
277533
277534
277560
277561
277562
277563
277564
277565
277566
277567
277568
277618
277619
277620
277621
277622
277623
277624
277625
277844
277845
277846
277863
277864
277865
277866
277867
277868
277959
277960
277961
277962
277963
277964
27813
27814
27815
27820
278539
278540
278541
278542
278543
278544
278545
278546
278547
278548
278601
278602
278603
278604
278605
278627
278628
278629
278630
278631
278632
278633
278634
278635
278636
278637
278638
278639
278640
278985
278986
278987
278988
278989
278990
279033
279034
279035
279094
279095
279096
279097
279098
279099
279234
279235
279236
279237
279238
279239
279240
279241
279242
279243
279244
279245
279246
279414
279415
279416
279417
279418
279419
279420
279421
279505
279506
279507
279508
279509
279510
279589
279590
279591
279592
279593
279594
279595
279596
279597
279598
27960
279649
279650
279651
279652
279653
279867
279874
279875
279876
279877
279878
279879
279880
279881
279882
280108
280109
280110
280111
280112
280113
280114
280115
280175
280176
280177
280178
280179
280180
280181
280182
280183
280184
280185
280248
280474
280475
280476
280477
280478
280479
280480
280481
280482
280597
280598
280599
280600
280601
280602
280603
280604
280649
280650
280651
280652
280653
280654
280655
280656
280657
280815
280816
280817
280818
280819
280820
280821
280822
28090
281298
281299
281300
281301
281302
281303
281393
281394
281395
281556
281557
281558
281559
281560
281561
281562
281563
281648
281649
281650
281651
281652
281653
281654
281655
281771
281772
281773
281774
281775
281776
281777
281778
281836
281837
281838
281839
281840
281841
281842
281843
281844
281845
282197
282198
282199
282200
282201
282202
282402
282403
282404
282405
282406
282407
282504
282505
282506
282507
282508
282509
282510
282511
282676
282677
282678
282679
282680
282681
282682
282683
283018
283019
283020
283021
283022
283023
283024
283025
283026
283027
283028
283029
283167
283168
283169
283170
283171
283172
283173
283174
283175
28325
283518
283608
283609
283610
283611
283612
283613
283792
283793
283794
283795
283796
283797
283798
283799
283800
283801
283802
283803
283804
283805
283806
283807
283808
283809
283810
283811
283923
283924
283925
283926
283927
283928
283929
283930
283931
284044
284045
284046
284047
284048
284049
284050
284051
284052
284069
284070
284071
284072
284073
284074
284075
284076
284233
284234
284235
284236
284237
284238
284239
284281
284282
284283
284371
284372
284373
284374
284375
284376
284377
284378
284552
284553
284563
284564
284714
284715
284716
284717
284718
284719
285033
285034
285035
285036
285037
285038
285039
285040
285141
285142
285143
285144
285145
285146
285147
285148
285194
285195
285196
285197
285198
285199
285200
285201
285202
285203
285495
285801
285802
285803
285804
285805
285806
285807
285808
285809
285810
285811
285812
285813
285814
285815
286064
286065
286066
286067
286068
286069
286370
286371
286372
286373
286374
286375
2865
2866
286600
286601
286602
286603
286604
286605
286606
286607
286608
286698
286699
2867
286754
286755
286756
286757
286758
286759
286760
286761
28680
286846
286847
286848
286849
286850
286851
287117
287118
287119
287120
287121
287122
287123
287124
287125
287183
287184
287185
287186
287187
287188
287189
287190
287191
287192
287193
287208
287209
287210
287211
287212
287213
287344
287345
287346
287347
287348
287349
287385
287386
287387
287388
287389
287390
287391
287392
287393
287394
287395
287396
287542
287543
287544
287545
287546
287547
287548
287549
287559
287560
287561
287562
287563
287564
288102
288103
288104
288105
288106
288107
288108
288109
288110
288200
288201
288202
288203
288204
288205
288206
288207
28832
288337
288338
288394
288395
288396
288397
288398
288399
288400
288401
288402
288403
288404
288405
288749
288750
288751
288752
288753
288754
288755
288756
288757
28896
289170
289171
289172
289173
289174
289175
289192
289193
289194
289195
289196
289197
289198
289199
289200
289239
289240
289241
289242
289243
289244
289245
289246
289247
289520
289521
289522
289523
289524
289525
289526
289550
289551
289552
289553
289554
289555
289556
289557
289558
289559
289560
289561
289562
289629
289630
289631
289632
289633
289634
289635
289636
28989
290214
290215
290260
290261
290324
290325
290338
290339
290340
290464
290465
290466
290467
290468
290469
290470
290471
290472
290473
290582
290583
290584
290585
290586
290587
290851
290852
290853
290854
290855
290856
290857
290858
290877
290878
290879
290880
290915
290916
290917
290918
290919
290920
290988
290989
290990
290991
290992
290993
290994
290995
291049
291050
291148
291149
291150
291151
291152
291153
291173
291174
291175
291176
291177
291178
291179
291180
291181
291182
291183
291184
291185
291186
291228
291229
291230
291231
291232
291233
291234
291251
291252
291253
291254
291255
291256
291610
291611
291612
291613
291614
291615
291616
291617
291618
291619
291620
291706
291707
291708
291709
291710
291782
291783
291784
291785
291786
291851
291852
291853
291854
291855
291856
291857
291858
291859
291860
291871
291872
291873
291874
291875
291876
291877
291878
292038
292039
292040
292041
292042
292043
292357
292358
292359
292360
292487
292488
292489
292490
292491
292492
292583
292584
292585
292586
292587
292588
292589
292590
292761
292762
292763
292764
292765
2928
29286
292893
292894
292895
292896
292897
292898
292899
292921
292922
292923
292924
292925
292926
292927
292928
292929
292930
292931
292932
292933
292934
292935
292936
292966
2930
293014
293015
293016
293017
293018
293019
293020
293021
293022
293023
293147
293148
293149
293150
2932
293855
294148
294227
294381
294382
294383
294384
294385
294386
294717
294718
294719
294720
294721
294722
295245
295246
295247
295248
295249
295250
295411
295412
295413
295414
295415
295416
295417
295418
295419
295429
295430
295431
295432
295433
295434
295478
295479
295480
295481
295520
295521
295597
295598
295671
295672
295673
295674
295675
295676
295686
295687
295688
295689
295690
295691
295708
295709
295710
295711
295712
295713
295714
295715
295844
295845
295846
295847
295848
295849
295850
295851
295852
295853
295854
295855
295856
295857
295965
295966
295967
295968
295969
295970
295971
295972
296183
296184
296230
296231
296232
296233
296234
296235
296248
296249
296250
296251
296252
296253
296287
296288
296289
296290
296291
296292
296293
296294
296463
296464
296465
296466
296605
296606
296743
296744
296745
296746
296747
296748
296749
296750
296751
296752
296753
296754
296755
296756
296757
296758
296759
296760
2968
296808
296809
296810
296811
296812
296999
297000
297001
297002
297003
297004
297005
297006
297007
297056
297057
297058
297059
297060
297061
297062
297063
297064
297065
297154
297155
297156
297157
297158
297159
297160
297161
297162
297163
297224
297225
297226
297227
297228
297229
297230
297231
297232
297233
297234
297235
297236
297237
297238
297239
297240
297241
297242
297243
297244
297245
297246
297247
297248
297249
297250
297251
297252
297296
297297
297298
297299
297300
297301
297302
297303
297304
297305
297306
297307
297308
297309
297316
297317
297318
297319
297320
297491
297492
297493
297494
297495
297550
297853
297854
297855
297856
297857
297858
297910
297911
297912
297913
297914
298049
298050
298051
298052
298053
298054
298055
298056
298057
298381
298382
298383
298384
298385
298386
298387
298388
298389
298390
298391
298392
298393
298394
298395
298396
298397
298398
298399
298400
298495
298652
298653
298654
298655
298656
298657
298658
298659
298717
298718
298719
298720
298721
298722
298723
298724
298725
298726
298874
298875
298876
298877
298878
298879
298880
298881
298975
298984
298985
298986
298987
298988
298989
299083
299084
299085
299086
299087
299088
299089
299090
299091
299164
299165
299166
299167
299168
299169
299193
299194
299195
299196
299197
299198
299199
299200
299426
299427
299428
299911
299912
299913
299914
299915
299916
299917
299918
299919
299920
299921
299922
299923
299924
299925
299926
299927
299928
299929
299930
299931
300030
300031
300032
300033
300034
300035
300277
300278
300279
300280
300281
300282
300283
300284
300285
300298
300299
300300
300301
300302
300303
300304
300305
300306
300307
300308
300319
300320
300321
300360
300361
300362
300363
300364
300365
300431
300432
300433
300434
300435
300436
300745
300746
300747
300748
300749
300750
300751
300752
300753
300754
300779
300780
300781
300782
300783
300784
300785
300786
301116
301117
301118
301119
301120
301121
301229
301230
301231
301232
301233
301234
301235
301471
301472
301473
301474
301475
301476
301477
301478
301518
301519
301520
301521
301522
301523
301635
301636
301637
301638
301639
301640
301641
301642
301977
301978
301979
301980
301981
301982
301983
301984
302103
302104
302105
302106
302107
302108
302109
302110
302204
302205
302206
302207
302208
302209
302210
302211
302386
302387
302388
302398
302399
302400
302401
302458
302459
302460
302461
302462
302463
302464
302465
302466
302467
30249
30250
30251
302997
302998
302999
303000
303001
303002
303003
303004
303005
303094
303101
303102
303103
303104
303105
303106
303107
303108
3032
303229
303230
303231
303232
303233
303234
303235
303236
303367
303368
303369
303370
303371
303372
303373
303374
303383
303384
303385
303386
303387
303388
303389
303390
303405
303406
303407
303408
303409
303410
303411
303438
303439
303440
303441
303442
303443
303444
303445
303446
303447
303524
303525
303526
303527
303528
303529
303530
303669
303670
303671
303672
303673
303674
303786
303787
303788
303789
303790
303791
303792
303793
303794
303795
303796
303797
303973
303974
303975
303976
303977
303978
303979
303980
304217
304218
304219
304220
304221
304222
304750
304751
304752
304753
304754
304755
304765
304766
304767
304768
304769
304770
304771
304772
304791
304792
304793
304794
304795
304796
305238
305239
305240
305241
305242
305243
305244
305245
305289
305290
305291
305310
305311
305312
305313
305314
305315
305444
305445
305446
305447
305448
305449
305450
305451
305491
305506
305547
305548
305549
305550
305551
305552
305553
305554
305555
305564
305565
305566
305567
305568
305569
305570
305612
305613
305614
305615
305616
305617
305618
305619
305742
305743
305744
305745
305746
305747
306128
306129
306130
306131
306132
306133
306185
306393
306415
306416
306417
306418
306419
306420
306421
306422
306423
306424
306523
306524
306525
306526
306527
306528
306831
306832
306833
306983
306984
306985
306986
306987
306988
306989
306990
307289
307290
307291
307292
307293
307294
307295
307296
307297
307762
307763
307764
307765
307766
307767
307768
307769
307770
307855
307856
307857
307983
307984
307985
307986
307987
307988
308004
308005
308006
308007
308008
308009
308277
308278
308279
308280
308281
308282
308283
308284
308301
308319
308469
308552
308553
308554
308555
308556
308557
308558
308559
308566
308567
308568
308855
308856
308857
308858
308859
308860
308861
308862
308863
308864
308865
308866
308867
308875
308876
308877
308878
308879
308880
308881
308882
308883
309149
309150
309151
309152
309153
309154
309370
309371
309372
309373
309374
309375
309376
309377
309423
309424
309425
309426
309427
309428
309560
309561
309562
309563
309564
309565
309566
309567
309794
309795
309796
309797
309798
309799
309800
309801
309802
309803
309804
309805
309806
309807
309808
309815
309816
309817
309818
309819
309820
309879
309880
309881
309882
309883
309884
310092
310093
310094
310095
310096
310097
310128
310129
310130
310131
310132
310133
310134
310135
310136
310137
310686
310687
310688
310689
310690
310691
310692
310693
310694
310900
310901
310902
310903
310904
310905
310906
310907
310908
310909
311008
311028
311029
311316
311317
311383
311384
311385
311386
311387
311388
311443
311444
311445
311446
311447
311448
311449
311450
311481
311482
311483
311484
311485
311486
311818
311819
311820
311821
311822
311823
311864
311865
311866
311867
311868
311869
311870
311871
311878
311879
311880
311881
311882
311883
311884
311885
311886
311887
311888
311889
311890
311891
311892
311972
311973
311974
311975
311976
311977
312043
312044
312045
312046
312047
312048
312049
312050
312247
312248
312249
312250
312251
312252
312253
312254
312555
312556
312557
312558
312559
312560
312561
312562
312606
312607
312608
312609
312610
312611
312612
312613
312614
312859
312860
312861
312862
312863
312916
312917
312918
312919
312920
312921
312922
312923
312924
313165
313166
313167
313168
313169
313344
313345
313346
313347
313348
313349
313350
313351
313352
313353
313354
313355
313362
313363
313364
313365
313366
313367
313380
313381
313382
313383
313384
313385
313443
313565
313566
313567
313568
313684
313685
313686
313687
313688
313689
313690
313691
313904
313905
313906
313907
313908
313909
313910
313911
313912
313913
313914
313946
313947
313948
313949
313950
313951
313952
313953
313960
313961
313962
313963
313964
313965
313966
313998
313999
314000
314001
314002
314003
314004
314005
314006
314007
314008
314022
314208
314209
314210
314211
314212
314213
314214
314215
314216
314217
314303
314304
314305
314306
314307
314308
314309
314310
314537
314538
314672
314673
314674
314675
314676
314677
314678
314679
314680
314779
314780
314781
314782
314783
314784
314808
314809
314810
314811
314812
314813
314814
314815
314816
314817
314818
315076
315077
315078
315079
315080
315081
315082
315083
315084
315085
315086
315230
315329
315330
315331
315332
315333
315334
315473
315474
315475
315476
315477
315478
315782
315783
315784
315785
315786
315787
315788
315789
31582
31583
31584
315915
315916
315917
315918
315919
315920
315921
315922
315923
316041
316191
316192
316193
316194
316195
316196
31639
316646
316647
316648
316732
316880
316881
316882
316883
316884
316885
316886
316887
316888
316889
316987
316988
316989
316990
316991
316992
316993
316994
316995
316996
316997
317077
317078
317079
317080
317081
317082
317083
317084
317085
317086
317087
317088
317089
317090
31739
317434
317435
317436
317437
317438
317439
317440
317441
317520
317521
317522
317523
317524
317525
317526
317527
317676
317677
317678
31768
317843
317844
317845
317983
317984
317985
317986
317987
317988
318131
318132
318133
318134
318135
318136
31818
318265
318266
318267
318268
318269
318270
318301
318326
318327
318328
318329
318330
318331
318363
318364
318365
318366
318367
318368
318369
318477
318478
318479
318480
318481
318482
318483
318484
318522
318523
318524
318525
318526
318527
318528
318529
318530
318531
318532
318533
318534
318535
318536
318537
318538
318539
318540
318541
318624
318625
318626
318627
318628
318629
318630
318631
318632
318633
318634
318635
318779
318780
318781
318782
318783
318784
318809
318810
318811
318812
318813
318814
318898
318899
318900
318901
318982
318983
318984
318985
318986
318987
319239
319240
319241
319242
319243
319244
319365
319366
319367
319368
319369
319370
319445
319446
319447
319448
319449
319450
319451
319452
319644
319645
319667
319668
319669
319670
319671
319672
319673
319674
319675
319676
319680
319681
319682
319683
319741
319742
319743
319744
319745
319746
319789
319790
319791
319792
319865
319866
319867
319868
319869
319870
320223
320224
320225
320226
320227
320228
320229
320230
320231
320232
320281
320282
320283
320284
320285
320286
320287
320288
320298
320299
320300
320301
320302
320303
320444
320445
320446
320447
320448
320449
320450
320451
320452
320545
320546
320547
320548
320594
320595
320596
320857
320858
320870
320871
320872
320873
320874
320875
320876
320877
321136
321137
321138
321139
321140
321141
321142
321221
321222
321223
321224
321225
321226
321227
321228
321229
321230
321231
321232
32137
32138
32141
321589
321590
321591
321592
321593
321594
321595
321596
321729
321730
321731
321732
321733
321734
321735
321736
321807
321808
321809
321810
321811
321812
321813
321814
321966
321967
321968
322104
322105
322106
322107
322108
322109
322110
322111
322253
322519
322520
322521
322522
322523
322524
322525
322526
322984
322985
322986
322987
322988
322989
322990
322991
323171
323172
323173
323174
323175
323176
323226
323227
323228
323229
323230
323231
323232
323233
323238
323239
323240
323241
323242
323243
323244
323374
323375
323376
323377
323378
323379
323380
323381
323382
323383
323384
323385
323421
323633
32364
32366
32380
32381
324066
324067
324068
324069
324070
324071
324109
324110
324111
324112
324113
324114
324122
324123
324142
324143
324144
324145
324146
324147
324148
324149
32420
32421
32422
324243
324244
324245
324246
324247
324248
324249
324250
324251
324530
324531
324532
324533
324534
324535
324536
324537
324538
324539
32460
32466
32467
32468
32471
324749
324750
324941
324942
324943
324944
325108
325109
325186
325187
325188
325189
325190
325191
325192
325193
325194
325833
325834
325835
325836
325837
325838
325839
325840
325858
325859
325860
325861
325919
325920
325921
325922
325923
325924
325925
325926
32596
32599
32600
326102
326103
326104
326105
326106
326107
326108
326109
326110
326111
326112
326113
326114
326154
326155
326156
326157
326158
326159
326160
326161
326164
326165
326166
326167
326168
326169
326170
326171
326172
326236
326237
326238
326239
326240
326241
326242
326243
326292
326293
326294
326450
326451
326452
326453
326454
326455
326478
326479
326480
326481
326482
326483
326484
326485
326516
326517
326518
326519
326520
326521
326584
326585
326586
326587
326588
326589
326590
326591
326875
326876
326877
326878
326879
326880
326920
326921
326922
326923
326924
326925
326926
326927
327188
327189
327190
327498
327581
327582
327583
327584
327585
327586
327587
327588
327589
327590
327591
327592
327865
327866
327867
327868
327869
327870
327871
327872
328288
328289
328290
33009
33015
33016
33042
33451
33452
33453
3347
3348
3349
3350
33528
33834
3400
34028
34031
34032
34033
34035
34048
34055
34131
34138
34303
34311
34495
34508
34513
34515
34543
34751
34967
34968
34969
34970
34971
34974
35464
35466
35467
35469
35513
35822
36168
36752
36948
37365
37366
37367
37369
37611
37635
37670
37722
37724
37725
37726
37934
37970
37971
37974
37975
37993
38050
38053
38054
38055
38057
38059
38060
38061
38062
38070
38072
38073
38102
38118
38163
38178
38180
38181
38182
38184
38186
38204
38280
38281
38282
38283
38284
38285
38286
38287
38288
38353
38359
38366
38373
39125
39234
39319
39332
39539
39540
39662
39663
39891
40352
40432
4056
40645
40648
40655
40657
40681
40682
40684
40686
40708
40712
40714
40717
40718
4073
40835
40857
40860
40861
40864
40865
40868
40869
41039
41076
41135
41183
41185
41207
41214
41219
41273
41293
41318
41423
41555
41763
41783
41814
41819
41893
41895
42045
42213
42236
42271
42315
42376
42891
4290
43131
43229
43372
43373
4345
4346
43628
43656
43695
43775
43837
43841
43962
44045
44079
44327
44376
44377
4444
44455
44488
44559
4460
44645
4488
45190
45405
45452
45570
45634
45666
45831
4584
45841
45867
45901
45921
45957
46080
46378
46861
46988
47011
47378
47446
47557
47558
47617
47633
47634
47636
47748
47757
47864
47874
48028
48186
4819
48202
4822
48241
48255
48293
48322
48400
48410
48422
48448
48493
48530
48557
48559
48585
48586
48599
48641
48642
48643
48796
493
49530
49549
49650
49652
49653
49658
49660
49661
49662
49686
49687
49695
49698
49737
49738
49751
49752
49753
49754
49755
49756
49757
49758
49759
49760
49761
49762
49763
49764
49765
49766
49768
49770
49771
49772
49773
49774
49775
49777
49778
49779
49798
49800
49801
49802
49804
49805
49806
49808
49809
49810
50226
50760
51207
51246
51270
51349
51426
51726
51787
51788
51789
51869
51989
5205
52064
52088
52138
52173
52215
52304
52340
52386
52595
52611
52719
52917
52953
52974
52976
53013
53106
53426
53493
53937
53972
54317
54326
54355
54359
54360
54447
54916
54938
54939
55267
55268
55352
55364
55411
55519
55614
55615
55785
55809
56087
56154
56197
56201
5631
56318
56319
5632
5633
56364
56405
56530
56531
56532
56533
56534
56535
56651
56736
5675
56999
57223
57224
57318
57417
57750
57840
57841
5799
58095
58103
58346
58534
58539
58540
58541
58542
58667
5867
59014
59116
59173
59182
59193
59287
59367
59507
59603
59605
59663
59873
59875
60505
60563
60586
60710
60715
60791
60838
60875
60876
60882
61338
61349
61385
61469
61477
61478
61507
61645
61764
61765
61773
61774
61775
61776
61777
61778
61779
61780
61781
61782
61783
61794
62055
62110
62121
62169
62170
62344
62345
624
62433
62461
62465
62476
62477
62480
62493
62494
62496
62776
62796
62913
63163
63182
6361
63883
63914
63982
64091
64151
64152
64155
64168
64179
64180
64229
64231
64232
64307
64422
64428
64521
64950
64987
65013
65014
65049
65071
65084
65212
65346
65373
65386
65387
65501
65527
65675
65709
65710
65722
65723
65724
65874
65893
65913
65964
65965
65967
65968
65969
65970
65971
65973
65975
65976
65978
65981
65982
65983
65984
65985
65986
65987
65988
65989
65990
65992
65993
65994
65995
65996
65997
66004
66005
66006
66007
66089
6621
66364
66432
66654
66724
66829
672
6728
673
67358
67512
67529
67530
67532
67533
67586
67587
67588
67589
67590
67657
67852
68034
68051
68052
68123
68349
68456
68495
68695
68729
68757
68779
68780
68781
68782
68805
68808
68821
68845
69292
69317
69324
69325
69326
69327
69329
69331
69335
69339
69354
69362
69372
69421
69422
69423
69558
69611
69845
70009
7002
70044
70108
70117
702
70243
70270
70414
70756
70889
70946
70952
70975
71027
71030
71033
71034
71046
71047
71048
71052
71056
71057
711
71252
71423
71505
71551
716
717
71735
71737
71738
71739
71741
71747
71750
71759
718
71989
72004
72167
72235
72355
72630
72635
72773
72774
72775
72776
72815
72817
72829
72830
72942
72960
73009
73040
73048
73077
73078
73079
73080
73084
73085
73086
73087
73090
73237
73248
73252
73259
73261
73264
73267
73275
7329
73292
7330
73665
73678
73859
73886
73889
73890
73891
73894
73896
739
73900
73902
73905
73906
73907
73908
73909
73913
73914
73915
73916
73920
73921
73932
73933
73943
73944
73949
73978
73979
741
742
74203
7439
74402
74403
74404
74407
74413
74417
74423
74427
74428
74429
74430
74432
74433
74437
74440
74441
74442
74451
74456
74457
74458
74459
7455
7464
7465
7467
74835
74988
74992
74994
74995
74997
75000
75031
75036
75041
75077
75114
75153
75186
75199
75213
75215
75255
75256
75273
75322
75373
75510
75542
75550
75562
75565
75766
75818
75832
75889
75911
75974
75999
760
76000
76002
76010
76166
76191
76296
76633
76743
7704
7706
7707
7708
7709
7710
7711
7712
7719
7721
7736
77650
77652
77744
7783
78598
79213
80431
81693
82024
82805
82981
83003
83051
83200
83309
83312
83600
83619
84033
84101
84106
84125
8418
8420
84216
84295
84296
84297
84342
84343
84349
84383
84899
85058
85169
85354
85397
85522
85542
85554
85595
85597
85613
85736
85804
85810
85811
85825
85868
85895
85899
86094
86180
86198
86349
86350
86365
86784
8692
86928
8694
86975
86977
86979
87462
87491
87582
87702
87779
87838
87953
88117
88207
88218
88493
88607
88826
89118
89128
89159
89169
89175
89264
89402
89403
89404
89405
89406
89407
89408
89409
89410
89444
89531
89685
89691
8980
8981
89812
8982
8983
8984
8985
89859
8986
89862
89882
89915
89916
89936
89996
90078
90118
90122
90164
90242
90265
90268
90278
90706
90745
90969
91080
91296
91451
91462
91544
91742
91806
91864
92150
92305
92377
92492
92500
92504
92555
9296
9297
9303
93482
93494
93655
93962
94416
94420
94459
95765
96004
96046
96135
96418
96586
96654
96817
96887
96907
97037
9714
97322
97402
97409
97553
97660
97683
97725
97727
97737
97745
97754
97806
97879
97899
97937
98518
98714
98750
98838
99115
99118
99119
99132
99186
99268
99408
99456
99523
99678
99718
99955
