100130
100140
100169
100183
100185
100218
100326
100429
100567
100570
100656
100667
100683
100937
100950
101007
101107
101231
101272
101341
101429
101486
101544
101595
101596
101782
101832
101852
102005
102066
102109
102112
102145
102441
102464
102653
102716
102785
102814
102896
102958
103696
103734
103889
103926
103994
104054
104750
104814
105770
106121
106299
106774
106840
106916
107020
107111
107395
107638
107666
10769
107928
108527
108529
108530
108542
108596
10911
109158
109164
109785
109792
11037
11038
111859
111902
112160
11289
11290
11337
11339
113551
114414
115395
11544
115743
115758
116079
116117
116373
116457
11646
116489
116553
116629
116656
116756
116761
116885
117021
117092
117298
117424
117490
118050
118132
118183
118249
118358
118359
118386
118403
118827
118932
118938
119083
119737
120932
121229
121298
121332
121334
121337
121548
122849
122966
123054
123073
123079
123116
123123
123166
123211
123238
123278
123295
123302
123322
123412
123705
123741
123744
123766
123787
123798
123840
123850
123921
123923
123940
123954
123985
123990
123992
123993
123999
124015
124055
124080
124167
124188
124196
124214
124220
124225
124233
124318
124350
124363
124401
124408
124410
124412
124539
124542
124559
124605
124692
124801
124802
124805
124889
124911
125130
125233
125264
125288
125301
125305
125312
125358
125442
125447
125564
125571
125695
125762
125791
125810
125911
125931
125942
125954
125959
125970
125978
125991
126047
126049
126053
126062
126218
126229
126262
126294
126333
126370
126398
126400
126404
126465
126494
126496
126498
126535
126595
126624
126631
126730
126816
126891
126929
127050
127304
127368
127535
127686
12798
127990
128050
128074
128128
128238
128244
128322
128323
128324
128386
128494
128505
12856
12860
12862
128635
128653
128688
128777
128817
128839
128869
128890
128904
128911
128915
128916
128929
128957
128963
128964
128967
128985
129203
129214
129415
129491
129567
129572
129639
129640
129642
129643
129671
129686
129735
129741
129792
129937
129950
130021
130023
130121
130146
130147
130393
130408
130410
130435
130436
130442
130474
130487
130493
130509
130510
130511
130512
130517
130519
130529
130532
130538
130544
130545
130558
130559
130567
130572
130573
130574
130577
130595
130597
130632
130633
130637
130638
130650
130659
130660
130679
130680
130683
130696
130736
130741
130858
130915
130927
130928
130932
130953
131041
131048
131061
131075
131082
131083
131095
131224
131225
131235
131236
131527
131654
131679
131694
131779
132004
132008
132281
132483
132642
13352
134514
134515
134627
135591
135607
135610
135658
135673
135684
135686
135704
135723
135724
135728
135733
135760
135765
135773
135778
135789
135812
135813
135816
135827
135845
135846
135862
135884
135891
135906
135926
136005
136059
136060
136065
136083
136085
136093
136096
136098
136100
136104
136125
136143
136158
136159
136186
136204
136221
136302
136317
136322
136369
136371
136387
136388
136414
136417
136448
136466
136467
136487
136488
136489
136501
136503
136507
136530
136586
136592
136594
136603
136604
136617
136618
136646
136647
136652
136653
136656
136665
136671
136686
136699
136702
136710
136712
136713
136714
136715
136718
136722
136724
136727
136728
136731
136732
136738
136739
136741
136742
136744
136745
136746
136758
136759
136760
136761
136762
136769
136770
136779
136804
136805
136806
136808
136816
136833
136835
136839
136872
136875
136879
136880
136883
136884
136889
136890
136891
136893
136897
136900
136901
136902
136903
136906
137009
137043
137049
137052
137056
137057
137059
137060
137061
137073
137114
137138
137141
137143
137178
137179
137180
137182
137186
137189
137190
137191
137195
137197
137207
137213
137217
137247
137258
137281
137299
137311
137316
137317
137318
137319
137320
137370
137371
137383
137387
137428
137493
137533
137551
137554
140891
141136
142125
142164
143480
146026
147960
148004
148043
14811
148299
148424
148489
148505
148525
148683
148685
149014
149055
149199
149225
149496
149547
149548
149550
149551
149553
149839
150285
150293
151249
151287
151331
151445
151559
151639
151739
151831
151917
152433
152466
152559
152633
152720
152815
152934
153063
153155
153163
153223
153224
153255
153424
153499
153725
154079
15411
154150
154202
154323
154337
154399
154462
154628
154701
154725
154744
154797
154974
155057
155075
155300
155569
155717
155917
156021
156053
156227
156538
157040
157342
157429
157709
157741
157869
157923
157997
158216
1585
158583
1586
158645
158697
158705
158750
158813
158815
158900
158958
1590
1591
159174
159457
159487
159689
159902
159945
159988
160006
160203
160294
160328
160406
160892
161431
161584
161713
162053
162097
162419
162996
163327
16342
16371
16372
163720
164490
164768
164798
164925
164945
164970
165082
165372
165684
165755
165917
166009
166675
166817
167025
167134
167205
167223
167243
167316
167857
167994
168296
168434
16850
168782
168967
16916
169577
169631
169748
169804
169915
170053
170077
170119
170162
170404
17083
170884
171360
171438
171513
171673
17202
17205
17206
17213
17237
172604
172852
172914
173128
173827
173911
174170
174424
174824
175667
176123
176139
176160
176809
176884
176931
176936
177329
177331
17749
178173
178256
178264
178832
178863
179154
179157
179417
179848
180010
180160
180192
180299
180547
180580
180855
181061
181361
181463
181626
181810
181812
181924
181985
182041
182259
182264
182443
182701
182702
182703
182704
182705
182706
182707
182708
182709
182710
182711
182712
182734
182735
182736
182737
182738
182739
182740
182741
182742
182743
182744
182745
183053
183054
183055
183056
183057
183058
183059
183060
183061
183062
183063
183064
183065
183066
183067
183068
183548
183549
183550
183551
183552
183642
183643
183644
183645
183646
183647
183688
183787
183817
183818
183819
183820
183821
183822
183823
183824
183825
183826
183827
183924
183925
183955
183956
183957
184132
184133
184134
184135
184136
184406
184407
184408
184409
184410
184411
184412
184413
184414
184415
184416
184417
184418
184419
184420
184421
184422
184423
184424
184425
184426
184427
184428
184429
184430
184431
184432
184433
184434
184435
184436
184437
184438
184439
184440
184507
184508
184509
184798
185318
185319
185320
185321
185322
185323
185324
185325
185378
185379
185380
185739
185740
185741
185852
185853
185854
185855
185856
185857
185858
185891
185892
185893
185894
185895
185896
186375
186376
186377
186378
186379
186380
186632
186633
186634
186635
186636
186637
186638
186639
186640
186641
186969
186970
186971
186972
186973
186974
186976
186977
186978
186979
186980
186981
187220
187221
187222
187223
187224
187225
187226
187516
187517
187518
187519
187520
187521
187596
187597
187598
187599
187600
187601
187602
187603
187604
187605
187606
187607
187692
187693
187694
188133
188134
188143
188144
188145
188146
188147
188148
188153
188154
188155
188156
188157
188158
188210
188211
188212
188213
188214
188215
188236
188237
188238
188239
188240
188241
188353
188354
188355
188699
188700
188701
188702
188703
188704
188705
188706
188707
188708
189050
189051
189052
189053
189054
189055
189056
189057
189058
189059
189135
189136
189137
189138
189139
189140
189141
189142
189143
189144
189145
189146
189385
189386
189387
189388
189389
189390
189391
189392
189393
189394
189493
189494
189495
189590
189591
189592
189593
189594
189595
189596
189597
189642
189643
189644
189645
189646
189647
189702
189703
189704
189705
189706
189707
189708
189709
190019
190020
190021
190022
190023
190024
190025
190026
190027
190028
190029
190030
190031
190032
190033
190034
190249
190250
190251
190252
190253
190312
190313
190314
190315
190316
190317
190318
190319
190730
190826
190827
190828
190829
190830
190838
190839
190840
190841
190842
190843
190844
191197
191292
191293
191294
191295
191296
191297
191337
191338
191339
191340
191341
191342
191414
191531
191532
192131
192132
192133
192134
192135
192136
192137
192138
192145
192146
192147
192148
192149
192150
192151
192152
192153
192154
192155
192156
192157
192158
192159
192169
192289
192290
192291
192292
192293
192294
192428
192594
192595
192596
192597
192598
192599
192654
192655
192656
192657
192658
192659
192660
192832
192833
192834
192835
192836
192837
192838
192839
192840
192841
192867
192868
192869
192870
193006
193007
193008
193009
193010
193011
193170
193171
193172
193173
193174
193175
193176
193177
193178
193179
193180
193181
193461
193462
193463
193464
193465
193466
193467
193468
193469
193470
193471
193472
193473
193474
193475
193476
193477
193552
193553
193554
193555
193556
193628
193629
193630
193631
193632
193633
194232
194233
194234
194235
194236
194594
194595
194596
194702
194703
194704
194705
194706
194707
194886
194887
194888
194889
194890
194891
194892
194893
194894
194895
194958
194959
194960
194961
194962
194963
194993
194994
194995
194996
194997
194998
195058
195059
195060
195061
195062
195063
195064
195065
195066
195073
195074
195075
195076
195077
195078
195123
195124
195125
195126
195127
195128
195176
195177
195178
195179
195180
195181
195182
195183
195184
195185
195186
195187
195188
195189
195190
195191
195192
195265
195266
195267
195268
195269
195339
195340
195341
195342
195343
195344
195345
195570
195571
195572
195573
195574
195575
195644
195645
195646
195647
195648
195649
195876
195877
195878
195879
195880
195881
195931
195932
195933
195934
195935
195936
196216
196731
196732
196733
196734
196735
196736
196737
196775
196776
196777
196778
196779
196780
196781
196782
196783
196784
196785
196895
196896
197329
197330
197331
197332
197333
197334
197335
197336
197337
197338
197339
197340
197341
197342
197343
197344
197345
197539
197540
197541
197542
197543
197544
197720
197721
197722
197723
197724
197725
197726
197727
197766
197767
197768
197769
197770
197771
197942
197943
198050
198051
198052
198053
198054
198055
198056
198057
198058
198059
198060
198061
198338
198339
198340
198341
198342
198343
198478
198479
198480
198481
198482
198483
198500
198501
198502
198503
198504
198505
198515
198516
198517
198518
198519
198520
198522
198523
198524
198525
198526
198527
198566
198567
198568
198569
198570
198571
198572
198573
198597
198598
198599
198600
198601
198602
198603
198604
198647
198648
198649
198650
198651
198652
198653
198887
198888
198889
198890
198891
198901
198902
198903
199177
199178
199179
199180
199181
199182
199297
199298
199299
199300
199301
199302
199384
199385
199463
199737
199738
199739
199740
199741
199742
199743
199744
199745
199790
199791
199792
199793
199794
199795
199796
199797
199798
199919
199920
199921
199922
199923
199924
199925
199926
199927
200133
200134
200135
200136
200257
200258
200259
200260
200261
200262
200264
200265
200306
200307
200308
200309
200310
200348
200349
200350
200351
200352
200353
200702
200749
200750
200840
200841
200848
200849
200850
200851
200968
200969
200970
200971
200972
200973
200974
200975
200976
200977
200978
200979
201013
201014
201015
201016
201017
201018
201019
20106
20107
201083
201084
201085
201086
201087
201088
201275
201276
201277
201278
201279
201347
201348
201349
201350
201351
201352
201590
201591
201592
201593
201594
201710
201711
201712
201713
201714
201715
201768
201769
201770
201771
201772
201773
201774
201825
201826
201827
201828
201838
201867
201868
201869
201870
201871
201872
201873
201874
201956
201957
201958
201959
201960
201961
201962
201963
202137
202138
202139
202140
202141
202142
202303
202304
202305
202306
202307
202308
202370
202371
202372
202373
202374
202375
202376
202385
202386
202387
202388
202389
202875
202876
202877
202878
202879
202880
202881
203229
203230
203231
203232
203233
203234
203235
203236
203237
203238
203239
203240
203241
203242
203243
203244
203245
203381
203382
203383
203384
203385
203386
203387
203388
203389
203390
203391
203888
203889
203890
203891
203892
203893
203894
203968
203969
203970
203971
203972
203973
203974
204028
204029
204030
204031
204032
204033
204034
204035
204036
204037
204164
204165
204166
204167
204168
204169
204170
204332
204333
204334
204335
204336
204337
204338
204339
204340
204341
204384
204385
204462
204463
204464
204465
204466
204467
204478
204479
204480
204481
204482
204483
204484
204485
204486
204506
204507
204508
204509
204510
204511
204512
204513
204514
204515
204669
204670
204671
204672
204673
204674
204807
205095
205096
205097
205098
205099
205100
205101
205102
205278
205279
205280
205281
205282
205283
205317
205318
205319
205320
205321
205322
205323
205324
205325
205400
205401
205402
205403
205876
205877
205878
205879
205880
205881
205954
205955
205956
205957
205958
205959
206176
206177
206178
206179
206180
206181
206505
206506
206507
206508
206509
206510
206511
206512
206513
206514
206699
206700
206701
206702
206703
206704
206705
206706
206707
206708
206727
206827
206828
206829
206830
206831
206832
206922
206923
206924
206925
206926
206927
206928
206929
206930
207248
207249
207250
207372
207373
207374
207375
207376
207377
207378
207379
207380
207381
207382
207383
207384
207385
207386
207387
207388
207389
207390
207391
207438
207439
207440
207441
207442
207443
207478
207479
207480
207481
207482
207505
207506
207507
207508
207509
207572
207573
207574
207575
207576
207577
207578
208051
208052
208053
208054
208055
208297
208298
208299
208594
208595
208596
208597
208598
208599
208629
208630
208631
208632
208633
208634
208635
208636
208637
208638
208667
208668
208669
208670
208671
208672
208740
208741
208742
208743
208744
208745
209152
209153
209154
209290
209291
209292
209293
209294
209295
209296
209297
209419
209420
209421
209422
209423
209424
209432
209630
209641
209642
209643
209644
209645
209646
209647
209648
209649
209650
209844
209845
209846
209847
209848
209849
209905
210058
210059
210060
210061
210062
210063
210135
210136
210137
210138
210139
210140
210432
210433
210434
210435
210436
210437
210438
210659
210660
210661
210662
210663
210664
210665
210666
210667
210668
210669
210670
210671
210672
210673
210674
210675
210676
210677
210678
210679
210680
210742
210743
210744
210745
210746
210747
210748
210749
210818
210819
210820
210821
210822
210823
210940
210941
210942
210943
210944
210945
210946
210947
210948
210949
210950
210951
210952
210953
210954
210955
211034
211035
211036
211048
211049
211050
211051
211052
211053
211054
211055
211056
211057
211058
211059
211060
211061
211062
211063
211064
211160
211161
211162
211163
211164
211165
211166
211167
211576
211577
211578
211579
211580
211581
211735
211736
211737
211738
211739
211782
211783
211784
211785
211786
211787
211788
211789
211790
211791
212213
212214
212215
212216
212217
212505
212506
212507
212508
212509
212510
212668
212669
212670
212671
212672
212673
213404
213405
213406
213407
213408
213409
213410
213411
213412
213413
213414
213610
213611
213612
213613
213614
213615
213785
213786
213787
213788
213789
213790
213791
213792
213793
213794
213800
213801
213802
213803
213804
213944
213945
214034
214047
214048
214049
214050
214051
214052
214053
214054
214055
214056
214057
214058
214059
214060
214073
214185
214186
214187
214188
214189
214320
214321
214322
214323
214324
214325
214326
214327
214666
214667
214668
214669
214670
214671
214802
214803
214804
214805
214806
214807
214957
214958
214959
215387
215388
215389
215390
215391
215392
215393
215394
215540
215541
215542
215543
215544
215545
215656
215657
215658
215659
215660
215661
215662
215663
215664
21584
215917
215918
215919
215920
216103
216104
216105
216106
216107
216108
216340
216578
216579
216580
216581
216582
216583
216584
216707
216708
216709
216710
216875
216876
216877
216878
216879
216880
216881
216882
216886
216887
216888
216889
216890
216891
216892
216893
216894
216895
216896
216903
216904
216905
216906
216907
216908
217536
217537
217538
217539
217540
217541
217542
217543
217544
217545
217546
217547
217563
217564
217565
217566
217567
217568
217710
217711
217712
217809
217810
217811
217812
217813
217814
218342
218343
218344
218345
218346
218347
218560
218561
218562
218563
218722
218723
218724
218725
218726
218727
218728
218729
218730
218814
218815
218816
218817
218818
218944
218994
218995
218996
218997
218998
218999
219000
219001
219002
219003
219004
219005
219006
219007
219008
219009
219010
219011
219012
219013
219014
219015
219156
219157
219158
219159
219160
219161
219162
219163
219164
219165
219166
219167
219380
219381
219382
219383
219384
219385
219420
219421
219422
219423
219424
219425
219505
219591
219592
219593
219594
219595
219596
219651
219652
219653
219654
219655
219656
219796
219797
219985
219986
219987
219988
219989
219990
219994
219995
219996
219997
219998
219999
220000
220001
220002
220003
220067
220281
220282
220283
220284
220285
220286
220287
220288
220289
220290
220301
220302
220303
220304
220305
220306
220307
220308
220309
220310
220311
220312
220313
220314
220461
220462
220463
220464
220465
220466
220467
220468
221113
221114
221115
221116
221117
221118
221119
221528
221529
221530
221531
221532
221533
221534
221535
221536
221537
221538
221539
221540
221541
221542
221543
221604
221605
221606
221607
221608
221609
221610
221611
221612
221693
221694
221695
221696
221697
221698
221768
221769
221770
221903
221904
221905
221906
221907
221908
222120
222121
222122
222123
222124
222148
222234
222235
222236
222237
222828
222829
222936
222937
222938
222939
222940
222941
223342
223343
223344
223345
223346
223347
223348
223349
223350
223351
223472
223473
223474
223727
223769
224195
224196
224197
224198
224199
224200
224295
224296
224297
224298
224648
224649
224650
224651
224652
224653
224654
224655
225282
225283
225284
225285
225286
225287
225308
225309
225310
225311
225312
225313
225336
225337
225338
225339
225340
225341
225342
225343
225790
225931
225932
225933
225934
225935
225936
225937
225938
225995
225996
225997
225998
225999
226000
226181
226182
226183
226184
226185
226186
226187
226188
226219
226220
226273
226274
226275
226276
226277
226278
226307
226513
226514
226515
226516
226786
226787
226788
226789
226790
226791
226792
226793
227073
227074
227075
227076
227077
227078
227079
227348
227349
227350
227351
227352
227357
227358
227381
227406
227460
227625
227626
227627
227628
227629
227630
227724
227725
227726
227727
227728
227729
227730
227731
227732
227733
227734
227735
227736
227737
227738
228305
228306
228307
228308
228309
228310
228311
228312
228373
228374
228375
228376
228377
228378
228449
228450
228451
228452
228453
228454
228455
228456
228457
228459
228460
228461
228462
228463
228464
228465
228466
228467
228481
228482
228609
228610
228611
228612
228613
228614
228665
228925
228926
228927
228991
228992
228993
228994
228995
228996
228997
228998
229155
229156
229157
229158
229159
229160
229210
229211
229212
229213
229214
229215
229216
229543
229544
229545
229546
229562
229563
229564
229565
229680
229681
229682
229683
229684
229685
229812
229847
229848
229849
229850
229851
229996
229997
229998
229999
230000
230001
230070
230071
230072
230220
230221
230222
230223
230224
230225
230226
230227
230228
230229
230230
230231
230299
230300
230301
230302
230303
230304
230305
230306
230307
230308
230399
230426
230427
230428
230429
230430
230431
230613
230614
230615
230616
230617
230618
231381
231382
231383
231384
231385
231386
231387
231388
231389
231390
231419
231420
231421
231422
231423
231424
231598
231599
231600
231601
231602
231603
231670
231671
231672
231673
231674
231675
231676
231677
231678
231679
231680
231681
231684
231685
231686
231687
231688
231689
231690
231691
231803
231804
231805
231806
232424
232425
232426
232427
232428
232429
232478
232530
232531
232664
232665
232666
232667
232668
233585
233586
233587
233588
233589
233590
233591
233592
233593
233594
233595
233596
233597
233598
233781
233782
233783
233784
233785
233786
233787
233788
233830
233831
233832
233833
233834
233835
233836
233837
234063
234064
234065
234066
234067
234068
234131
234132
234133
234134
234135
234136
234249
234250
234251
234252
234253
234254
234266
234267
234268
234269
234270
234271
234458
234459
234460
234461
234462
234557
234566
234567
234568
234569
234570
234571
234572
234573
234575
234576
234577
234578
234579
234580
234624
234631
234632
234633
234759
234760
234761
234762
234763
234764
234765
234766
234767
235193
235194
235195
235196
235197
235198
235199
235200
235201
235202
235203
235256
235257
235258
235259
235623
235624
235625
235626
235627
235628
235629
235630
235631
235762
235763
235764
235765
235766
235767
235768
235769
235770
235771
235772
235773
235774
235945
235946
235947
235948
236181
236182
236183
236184
236185
236186
236187
236188
236189
236294
236295
236296
236297
236298
236299
236300
236399
236400
236401
236402
236403
236404
237108
237109
237110
237111
237112
237113
237114
237115
237239
237240
237241
237242
237243
237244
237245
237246
237247
237248
237249
237250
237251
237252
237348
237349
237350
237351
237352
237353
237354
237355
237356
237357
237358
237359
237360
237361
237362
237363
237370
237371
237372
237373
237374
237375
237376
237377
238192
238193
238194
238195
238542
238543
238544
238545
238546
238547
238554
238694
238695
238696
238697
238698
238699
238700
238701
238769
238770
238771
238772
238773
238774
239139
239140
239141
239544
239545
239546
239547
239548
239549
239844
239845
239846
2400
240531
240532
240533
240717
240718
241150
241361
241362
241363
241364
241365
24219
242328
242329
242330
242331
242332
242333
242334
242335
242336
242337
242338
242339
242340
242341
242342
242343
242344
242345
242346
242347
242348
242349
243078
243079
243114
243115
243116
243117
243118
243119
243338
243339
243340
243440
243441
243442
243443
243444
243445
243446
243447
243448
243449
243450
243451
243452
243453
243454
243455
243838
243839
243840
243841
243842
243843
244039
244040
244062
244063
244270
244271
244272
244273
244274
244275
244276
244277
244278
244279
244280
244281
244386
244545
244546
244547
244548
244549
244550
244691
244692
244693
244694
244695
244697
244698
244699
244700
244701
244702
245478
245479
245480
245481
245482
245483
245484
245485
245486
245762
245961
245962
245963
245964
245965
245966
245967
245968
245969
246390
246391
246392
246393
246394
246395
246396
246397
246398
246399
246400
246401
246402
246403
246491
246496
246497
246498
246499
246500
246501
246502
246503
246504
246505
246506
246507
246508
246509
246510
246511
24663
246770
246814
246815
246816
246817
246818
246819
246820
246821
246822
246823
246824
246825
247143
247144
247145
247146
247147
247148
247424
247425
247426
247493
247494
247495
247496
247497
247498
247499
247500
247501
247526
247527
247528
247601
247602
248384
248500
248501
248502
248503
248504
248505
248506
248507
248508
248509
248577
248586
248587
248812
248813
248814
248815
248816
248817
249122
249575
249576
249577
249578
249579
249580
249581
249582
249775
249776
249777
249778
249779
249780
249816
249817
249818
249819
249820
249821
249822
249823
249824
249825
249826
250528
250529
250530
250531
250990
251033
251034
251035
251036
251037
251038
251135
251267
251268
251269
251270
251271
251272
251273
251274
251275
251276
251409
251410
251411
251412
251413
251414
251415
251416
251417
251418
251419
251420
251421
251422
251458
251459
251460
251461
251462
251463
251874
252648
252649
252650
252651
252652
252653
253241
253242
253243
253244
253245
253246
253287
253288
253289
253290
253291
253292
253293
25342
253474
253475
253476
253477
253478
253479
253879
253880
253881
253882
253883
253884
253996
253997
253998
253999
254000
254062
254063
254064
254065
254066
254067
254403
254404
255040
255041
255042
255200
255201
255202
255203
255408
255409
255410
255411
255656
255657
255658
255659
255660
255661
255723
255724
255725
255726
255727
255728
255729
255730
255731
255820
255859
255860
255861
255862
255863
255864
255865
255866
255918
255919
255920
255921
255922
255923
255924
255925
255926
255989
255990
255991
255992
255993
255994
255995
255996
255997
256092
256093
256094
256095
256096
256097
256098
256099
256369
256370
256371
256372
256373
256374
256375
256376
256635
256636
256637
256638
256639
256640
256641
256642
256643
256785
256786
256787
256829
256830
256831
256832
256833
256834
25696
256978
257321
257322
257323
257324
257325
257326
257327
257328
257329
257360
257361
257362
257363
257364
257365
257366
257367
257368
257398
257399
257400
257401
257402
257403
257404
257405
257406
257559
257560
257849
257850
257851
257852
257853
257854
257855
257856
258556
258557
258653
258654
259176
259177
259178
259179
259180
259181
259182
259183
259184
259523
259524
259525
259526
25977
260271
260272
261535
261536
261537
261538
261539
261540
261541
261542
261569
261678
261842
26189
262585
262586
262587
262588
262589
262590
262591
262592
262593
262594
262820
262921
262922
262923
262924
262925
262926
262927
262962
262963
262964
262965
262966
262967
262968
262969
262970
262971
263182
263219
263220
263221
263222
263223
263224
263225
263226
263227
263248
263249
263250
263251
263252
263253
263482
263483
263568
263569
263570
263571
263572
263573
263802
263803
263804
263805
263806
263956
263957
263958
263959
263960
263961
263962
263963
263987
263988
263989
263990
263991
263992
264615
264616
264617
264618
264619
264620
264621
264622
264724
264775
264776
264777
264778
264779
264780
264840
264841
264842
264843
264844
264845
264846
264847
264848
264849
264850
264951
264952
264953
264954
264955
264956
265065
265066
265067
265068
265069
265070
265071
265690
265691
265692
265693
265694
265695
265696
265697
265749
265750
266043
266090
266091
266092
266093
266094
266095
266096
266097
266657
266986
266987
266988
266989
266990
266991
267145
267146
267147
267148
267149
267150
26750
267779
267780
267781
267782
267783
267784
267785
267786
267851
267852
267853
267854
267855
267856
267857
267858
267859
267860
267861
267862
267910
267911
267912
267913
267914
267915
267916
267917
267918
267919
268095
268096
268097
268098
268099
268100
268441
268442
268443
268444
268445
268671
268672
268673
268674
268675
268676
268677
268678
268679
268680
268681
268682
268683
268684
268685
269013
269014
269015
269016
269017
269018
269019
269020
269021
269293
269294
269295
269296
269297
269298
269322
269323
269324
269325
269326
269327
269598
269599
269600
269601
269602
269603
269735
269736
269737
269738
269739
269740
269765
269775
269776
269777
269778
269779
269780
269781
269782
269783
269834
269835
269836
269837
269838
269839
269840
269841
270321
270322
270323
270324
270325
270326
270450
270451
270452
270453
270454
270455
270456
270457
270458
270459
270464
270465
270466
270467
270468
270469
270470
270471
270557
270558
270559
270560
270561
270562
270563
270674
270675
270676
270677
270678
270679
270935
270936
270937
270938
270939
270940
270941
270942
271049
271050
271051
271052
271053
271054
271055
271056
271057
271058
271249
271250
271251
271252
271253
271254
271255
271256
271257
271258
271593
271594
271595
271596
271597
271598
271599
271600
271693
271694
271695
271696
271697
271698
271738
271739
271740
271741
271742
271871
271872
271955
271956
271957
271958
271959
271960
272198
272199
272500
272501
272502
272503
272504
272505
272506
272507
272743
272744
272745
272746
272747
272748
272749
273378
273459
273460
273461
273462
273463
273464
273465
273466
2738
273941
273942
273943
273944
273945
273946
273947
273948
273949
274092
274093
274094
274095
274096
274097
274098
274099
274100
274101
274102
274103
274104
274105
274106
274107
274108
274109
274110
274111
274112
274113
274114
274115
274116
274117
274118
274119
274480
274481
274624
274625
274756
274757
274758
274759
274760
274761
275353
275354
275355
275356
275357
275358
275374
275375
275376
275377
275378
275379
275380
275381
275382
275383
275384
275385
275386
275387
275418
275419
275420
275421
275422
275423
275424
275425
275489
275490
275491
275492
275493
275494
275495
275514
275515
275516
275517
275518
275519
275638
275639
275640
275641
275642
275643
275644
275645
275940
275941
275942
275943
275944
275945
275946
275947
275948
276267
276268
276269
276736
276737
276738
276739
276740
276741
276742
276743
276986
277240
277283
277284
277285
277286
277287
277288
277289
277290
277291
277292
277293
277542
277543
277544
277545
277546
277547
277548
277549
277550
277636
277637
277638
277639
277640
277641
277642
277643
277644
277645
277646
277647
278002
278003
278004
278005
278130
278131
278132
278133
278134
278135
278136
278137
278138
278139
278165
278166
278167
278168
278169
278170
278171
278172
278305
278306
278307
278308
278309
278310
278311
278312
278589
278590
278591
278592
278593
278594
278617
278618
278619
278679
278680
278681
278682
278683
278811
278812
278813
278814
278815
278816
278817
278818
279007
279008
279009
279010
279011
279012
279013
279014
279015
279016
27908
279267
279268
279269
279270
279271
279272
279741
279742
279743
279744
279745
279746
279747
279748
280012
280013
280014
280408
280409
280410
280411
280412
280413
280494
280495
280496
280497
280498
280499
280500
280501
280575
280576
280577
280578
280579
280716
280717
280718
280719
280720
280721
280722
280723
280724
281366
281367
281368
281369
281370
281371
281372
281373
281374
281375
281533
281534
281535
281536
281537
281538
281539
281540
281603
28250
28251
28252
282655
282656
282657
282658
282659
282660
282661
282662
282663
283767
283768
283769
283770
283771
283772
283990
283991
283992
283993
283994
283995
284371
284372
284373
284374
284375
284376
284377
284378
284387
284388
284389
284390
284391
284392
284726
284778
284779
284780
284781
284782
284783
284784
284785
284786
28521
285290
285291
285292
285293
285294
285295
285430
285431
285432
285433
285434
285435
285436
285437
285448
285449
285548
285549
285550
285551
285552
286109
286110
286111
286112
286113
286114
286129
286130
286131
286132
286133
286134
286135
286136
286137
286246
286247
286248
286249
286250
286251
286252
286253
286254
286255
286256
286257
286541
286542
286543
286544
286545
286546
286554
286965
286966
286967
286968
286969
286970
286971
286972
286973
286974
286975
287400
287401
287402
287403
287404
287405
287956
287971
287972
287973
287974
287975
287976
288216
288217
288218
288219
288220
288221
288222
288223
288224
288225
288226
288227
288228
288229
288230
288231
28843
288605
288606
288607
288608
288609
288610
288611
288612
288964
288987
288988
288989
288990
288991
288992
289249
289250
289251
289252
289253
289254
289255
289306
289307
289308
289309
289310
289311
289435
289436
289437
289438
289439
289440
289848
289849
289850
289851
289852
289853
289854
289855
289941
289942
289943
289944
289945
289946
289947
289948
290414
290415
290416
290417
290418
290419
290420
290421
290972
290973
290974
290975
290976
290977
290978
290979
290980
291055
291085
291086
291087
291088
291089
291090
291091
291120
291121
291122
291123
291124
291492
291493
291494
291495
291496
291497
291498
291499
291500
291501
291502
291503
291504
291505
291871
291872
291873
291874
291875
291876
291877
291878
291943
292001
292002
292003
292004
292005
292006
292319
292774
293191
293192
293193
293194
293195
293196
293268
293269
293270
293271
293272
293273
293274
293425
293426
293586
293587
293588
293589
293590
293591
293760
293761
293762
293763
293764
293765
293892
293893
293894
293895
293896
293897
293970
293971
293972
294241
294242
294243
294244
294245
294402
294403
294404
294405
294406
294407
294473
294474
294475
294476
294477
294478
294723
294724
294725
294726
294727
294728
294729
294730
295166
295167
296144
296145
296172
296340
296341
296342
296343
296344
296345
296823
296824
296825
296826
296827
296828
296829
296830
297090
297091
297092
297093
297094
297095
297188
297189
297190
297191
297192
297193
297263
297264
297265
297266
297267
297268
297514
297552
297553
297865
297866
297867
297868
297869
297870
297892
297893
297894
297895
297896
297897
298246
298247
298248
298249
298250
298251
298327
298328
298329
298440
298441
298442
298443
298444
298445
298516
298517
298518
298519
298520
298521
298574
298575
298576
298577
298578
298579
299389
299390
299391
299392
299393
299394
299450
299678
299679
299680
299681
299682
299683
299844
299845
299846
299847
299848
299849
299850
299851
299990
299991
299992
299993
299994
299995
299996
299997
300264
300265
300266
300267
300268
300269
300270
300634
300635
300636
300637
300638
300639
300925
300926
300927
301015
301045
301046
301047
301048
301049
301050
301051
301052
301053
301398
301399
301400
301401
301402
301403
301404
301405
301406
301597
301598
302083
302084
302419
303203
303204
303205
303206
303207
303208
303531
303532
303533
303534
303535
303536
303537
303538
303539
303942
303943
303944
303945
303946
303947
303948
303949
303999
304083
304346
304347
304348
304349
304350
304351
304352
304353
304603
304604
304605
304606
304607
304847
304848
304849
304850
305087
305088
305089
305122
305123
305124
305125
305126
305127
305128
305129
305371
305372
305373
305374
305375
305376
305377
305378
305379
305380
305381
305382
305383
305513
305514
305515
305516
305517
305518
305539
305540
305541
305542
305543
305544
305545
305546
305612
305613
305614
305615
305616
305617
305618
305619
305822
305823
305824
305825
305835
305836
305837
305838
305839
305840
305841
305842
306441
306477
306478
306479
306480
306481
306482
306639
306640
306641
306642
306643
306644
306645
306646
306969
306970
306971
306972
306973
306974
306975
306976
307347
307348
307349
307350
307351
307352
307353
307354
307562
307563
307623
307690
307738
307739
307740
307741
307742
307743
307747
307748
307749
30775
307750
307751
307752
307753
307754
307755
307756
307757
30776
30778
30779
30781
307864
307865
307866
307867
307868
307869
307870
307871
308016
308017
308018
308019
308020
308021
308560
308561
308562
308563
308564
308565
308665
308666
308667
308668
308669
308670
308671
308672
308673
308674
308675
308676
308813
308814
308815
309314
309315
309316
309317
309318
309319
309320
309321
30937
309829
309830
309831
309832
309833
309834
309835
309836
310076
310077
310078
310079
310080
310081
310292
310293
310294
310295
310296
310297
3103
310800
310963
310964
310965
310966
310967
310968
310969
310970
310971
311045
311046
311047
311048
311049
311050
311253
311254
311255
311256
311257
311258
311481
311482
311483
311484
311485
311486
311693
311694
311695
311696
311697
311698
311699
311700
311701
311702
311703
311704
311841
311842
311843
311844
311845
311846
311985
311986
311987
311988
311989
311990
312069
312070
312071
312072
312739
312740
312741
312742
312743
312744
312745
312746
312747
312748
312874
312875
312876
312877
312878
312879
312880
312881
312882
312883
313726
313727
313888
313889
313890
313891
313892
313893
314035
314148
314149
314150
314151
314152
314153
314154
314155
314162
314163
314549
314550
314551
314552
314553
314554
314555
314556
314557
314558
314559
314560
314561
314562
314563
314564
314565
314566
314567
314568
314889
314890
314891
314892
314893
314894
314895
314896
315194
315195
315196
315197
315455
315456
315457
315458
315459
315460
315461
315462
315463
315464
315529
315530
315531
315532
315533
315534
315535
315536
315537
315538
315790
315791
315792
315793
315794
315795
315796
315797
315798
315900
315901
315902
315903
315904
315905
315906
315907
315953
315954
315955
315956
315957
315958
315959
315960
315961
315962
316210
316633
316634
316635
316636
316637
316638
316681
316682
316683
316684
316685
316686
316933
316934
316935
316936
316937
316938
317205
317206
317207
317208
317209
317210
317211
317212
317213
317214
317605
317606
317607
317608
317609
317610
317679
317680
317681
317682
318113
318114
318346
318347
318348
318349
318350
318351
318641
318642
318643
318644
318645
318646
318687
318688
318689
318690
318691
318692
318834
318835
318836
318837
318838
319120
319121
319122
319123
319124
319125
319126
319127
319377
319378
319379
319380
319381
319382
320080
320081
320082
320083
320084
320085
320086
320087
320088
320089
320090
32033
320647
320648
320961
320962
320963
320964
320965
320966
320967
320968
321654
321655
321656
321657
321658
321659
321743
321744
321745
321746
321747
321748
321749
321750
323099
323100
323101
323102
323103
323104
323163
323164
323165
323166
323167
323168
323169
323312
323313
323314
323315
323316
323317
323441
323442
323443
323444
323445
323446
324241
324242
324284
324285
324286
324287
324288
324289
324290
324291
324380
324832
324833
324834
324835
324836
324837
325684
325685
325686
325687
325688
325689
326254
326255
326256
326257
326258
326259
326260
326261
326262
326263
326264
326265
326385
326386
326387
326388
326389
326390
326942
326943
326944
326945
326946
326947
326948
326949
326950
326951
326952
326953
326954
326955
326956
326957
326958
326959
326960
326961
327290
327291
327292
327293
327294
327295
327296
327297
327298
327299
327300
327301
327302
327303
327355
327356
327357
327358
327359
327360
327890
327940
327941
327942
327943
327944
327945
327946
327947
328066
328067
328068
328069
328070
328071
328072
328073
328074
328075
328076
328077
33200
33448
33450
33670
33783
33804
33805
33806
34282
34927
35054
35078
35079
35083
35085
37922
39036
39037
39043
392
39236
39240
394
39512
40136
40500
40897
41022
41288
41341
41546
41578
41807
41843
41932
41933
41934
41935
41984
42185
42203
42245
42246
42247
42248
42256
42260
42261
42263
42264
42266
42281
42282
42320
42573
42629
42631
42640
42647
42652
42857
42858
42874
42893
42894
42915
43006
4304
43044
43050
43059
43063
43104
43115
43206
43260
43441
43443
43444
43445
43446
43465
43478
43479
43509
43510
43512
43546
43547
43548
43549
43550
43552
43612
43613
43653
43668
43675
43682
43796
43919
43974
44018
44132
44208
44210
44214
44401
44473
44587
44640
44723
44869
44873
44879
44916
45028
45167
45209
45272
45386
45485
45799
45847
45887
45897
46024
46158
46194
46394
46401
46458
46523
46557
46558
46559
46570
46579
46766
46767
46768
46769
46771
46774
46776
46796
46797
46798
46799
46800
46802
46803
46804
46805
46806
46808
46809
46810
46811
46821
46854
46859
47000
47028
47030
47157
47170
47284
47290
47343
47379
47406
47594
47650
47665
47691
47769
47806
47825
48287
48386
48596
48611
48641
48687
48708
48725
49028
49045
49113
4912
4913
49138
4914
49148
49250
49283
49309
49526
49563
49647
49877
50047
50086
50089
50239
50302
50309
50429
50595
50604
50940
51210
51215
51250
51253
51254
51261
51292
51295
51301
51330
51332
51865
51915
52103
52113
52189
52299
52305
52680
52698
52707
52815
5283
52997
52999
53077
53085
53196
53299
53375
53403
53419
53565
53567
53568
53571
53572
53573
53574
53618
53620
53621
53622
53624
53625
53626
53627
53628
53709
53747
53750
53821
54005
54037
54063
54073
54090
54106
54107
54108
54109
54110
54111
54112
54113
54115
54116
54117
54118
54119
54126
54127
54128
54130
54131
54132
54133
54134
54135
54136
54137
54138
54139
54141
54142
54143
54144
54145
54155
54156
54157
54158
54159
54160
54161
54162
54163
54164
54165
54167
54168
54169
54170
54171
54172
54173
54174
54175
54176
54177
54178
54179
54180
54212
54213
54219
54220
54221
54222
54223
54233
54275
54277
54280
54289
54293
54300
54312
54314
54437
54554
54581
54599
54620
54630
54631
54655
54671
54673
54716
54823
54895
55144
55194
55224
55296
55460
55887
55893
55899
55926
56046
56077
56136
56165
56169
56210
56250
56294
56295
56302
56361
56379
56547
56625
56664
56904
56905
56906
56907
56908
56909
56910
56911
56913
56914
56915
56916
56918
56919
56920
56921
56922
56923
56924
56925
56927
56928
56929
56931
56932
56937
56938
56940
56941
56942
56943
56944
56945
56946
56948
56949
56951
56952
56953
56954
56955
56956
56960
56961
56962
56963
56964
56966
56967
56968
56969
56970
56972
56973
56974
56975
56976
56978
56980
56981
56983
56986
56992
56993
56994
56995
56996
57033
57035
57036
57037
57038
57039
57040
57041
57042
57043
57044
57045
57046
57048
57049
57051
57052
57054
57055
57056
57057
57058
57059
57060
57061
57062
57063
57064
57065
57066
57068
57069
57070
57071
57073
57074
57081
57082
57083
57084
57085
57087
57088
57089
57090
57091
57093
57094
57097
57098
57100
57101
57102
57104
57106
57107
57108
57109
57111
57112
57113
57114
57115
57116
57117
57119
57120
57121
57122
57123
57124
57125
57126
57128
57130
57132
57133
57134
57135
57136
57137
57138
57140
57141
57142
57144
57145
57146
57147
57148
57151
57152
57153
57154
57158
57159
57160
57161
57162
57172
57174
57182
57183
57185
57186
57187
57190
57195
57196
57197
57199
57201
57202
57203
57204
57205
57206
57207
57208
57209
57210
57211
57213
57214
57215
57218
57219
57220
57221
57229
57231
57233
57234
57235
57236
57237
57238
57239
57243
57245
57246
57247
57248
57249
57250
57251
57252
57253
57254
57257
57258
57259
57260
57261
57263
57264
57265
57266
57267
57297
57315
57329
57336
57448
57482
57483
57505
57555
57608
57796
58060
58194
58208
58218
58219
58220
58221
58226
58234
58238
58239
58240
58241
58243
58244
58247
58249
58254
58256
58257
58259
58565
58640
58641
58657
58719
58739
58766
58972
59007
59120
59124
59125
59126
59127
59140
59144
59145
59147
59148
59149
59150
59151
59152
59153
59154
59155
59157
59163
59164
59166
59183
59184
59687
59694
59708
59944
59966
59967
59975
59980
59985
59986
59991
59992
59994
60286
60596
60864
60885
61346
61384
61412
61417
61472
61503
61647
61854
62092
62147
62148
62153
62295
62473
62777
62778
62779
62944
62956
63016
63178
63257
63285
63294
63667
63888
63889
63981
63989
63990
63997
64019
64020
64021
64022
64023
64025
64026
64027
64029
64030
64031
64032
64046
64049
64050
64056
64083
64118
64132
64262
64545
64758
64759
64846
64848
64989
64990
65042
65048
65091
65214
65215
65232
65243
65267
65291
65312
65329
65370
65459
65475
65484
65494
65511
65521
65534
65548
65681
65771
65777
65778
65812
65814
65815
65816
65817
65818
65819
65822
65826
65827
65828
65845
65890
66008
66010
66095
66096
66098
66099
66100
66142
66154
66168
66300
66371
66494
66519
66520
66521
66640
66642
66678
66707
66767
66772
66774
66907
66948
67028
67029
67360
67378
67379
67494
67637
67680
67851
67853
68115
68344
68388
68458
68459
68460
68461
68462
68521
68620
68621
68622
68627
68628
68629
68630
68631
68632
68943
69301
69373
69479
69485
69516
69517
69533
69534
69554
69563
69612
69668
69692
70003
70004
70242
70545
7064
7065
7068
70686
70888
70954
71113
71170
71231
71232
71233
71234
71340
71344
71350
71368
71406
71408
71411
71412
71431
71432
71436
71493
71497
71547
71770
71856
72297
72341
72637
72651
72801
72802
72803
72833
72841
72849
73126
73278
73429
73430
73431
73432
73497
73527
73667
73671
73672
73995
73997
74104
74542
74714
74825
74845
74866
74877
74882
74883
74936
75058
75149
75317
75348
75780
75782
75812
75813
75814
75815
75826
75827
75833
75844
75857
75859
75861
75862
75863
75872
76153
76159
76219
76291
76347
76349
76502
76565
76574
76588
76600
76935
77092
77093
77137
77166
77171
77389
77414
77609
77978
77985
78434
78807
79056
79641
79666
79667
82302
82363
82479
82544
82547
82602
82740
83062
83216
83509
83806
84216
84473
84686
85730
85947
86168
86225
86356
86801
87243
87244
87295
87335
87355
87410
87875
88227
8847
8904
89172
89179
89213
89311
89458
89710
89927
89933
89972
89974
90132
90142
90194
90276
90335
90336
90339
90352
90405
90440
90466
90468
90538
90566
90663
90955
90956
90957
90958
91079
91082
91118
91122
91124
91305
91307
91327
91374
91448
91859
91870
91871
91876
91975
92056
92112
92140
92444
92446
92449
92495
92515
93519
93529
93695
94150
94372
94374
96327
96445
96652
96663
97019
97527
97545
97657
97769
97784
97900
97961
98047
98175
98199
98285
98309
98450
98588
9880
9881
9882
99164
99169
99354
99456
99690
99812
99844
99924
99947
