2370
4104
4105
3782
3783
4762
4763
4764
4765
4766
5447
4851
7751
7753
7754
7756
7758
9530
10918
10921
10923
12970
13157
13247
14993
14994
14995
15000
14900
14950
15335
15336
15806
15746
15749
15764
15767
15774
15775
15921
17425
17427
17431
17157
18547
19908
19911
19912
19913
19940
19944
19945
19744
20934
21227
22597
22598
22599
22600
22615
22616
22619
22620
22622
22647
22657
23759
23762
25011
26638
26643
28032
28874
28875
28877
28878
28881
29272
29273
30351
30934
31711
32000
32490
32804
32805
34709
34711
34712
35391
35392
35393
35394
35395
35396
35610
35611
35618
36020
35640
37274
38189
38190
38191
38192
39831
38931
40417
40423
40998
40999
41010
40531
40935
40969
40975
40789
40989
40990
40992
41625
41458
41292
41349
41350
41351
41352
41386
41387
42294
42180
42181
42323
42324
42325
42362
42363
42364
42809
43210
44260
44492
43950
44336
44560
44425
44239
45717
45027
46134
46135
46136
46137
46138
46142
46159
46163
46164
46177
46512
46180
46183
46184
46413
46428
46444
46469
46614
47369
47372
47380
48059
48625
48977
49139
50677
50694
51906
52072
51378
52888
52923
52659
52450
53928
53472
53688
53689
53691
53694
53696
53699
54364
54511
53846
55376
55377
55378
55379
55380
55381
55388
55393
54889
55230
55421
55241
55242
55243
55739
55304
56183
56190
56223
56622
56425
56263
56494
56329
57488
57975
58747
59292
59293
59294
59299
59303
59305
59307
58973
59317
59172
59346
59347
59348
59349
59350
59351
59352
59353
59530
60072
60073
60075
60076
59782
60127
60128
60129
60130
60131
60134
60135
60147
60148
60149
60150
60151
60154
60157
60158
60159
60160
60164
60165
60681
60039
60204
60712
60713
60232
60930
61127
61128
60630
61301
61302
61711
62292
61772
62319
62320
62120
62322
62324
62328
62329
62330
62331
62332
62333
62334
62335
62336
62338
62341
62139
62757
62759
62760
62188
62763
62189
62034
62223
62224
62225
62227
62229
62230
62235
62237
62238
62815
62816
62817
62818
62819
62820
62821
63155
63156
62991
63203
63549
62866
63563
63250
63637
63545
63909
64780
63925
64783
64785
63930
64786
64788
64789
64790
64791
64792
64793
64794
64795
64796
64460
64797
64799
64463
64800
64801
64803
64805
64114
64285
64813
64814
64815
64816
64817
64818
64819
64820
64821
64822
64825
64826
64147
64544
64698
65016
64711
65575
65580
65582
65077
65143
65916
65931
65933
66188
65571
66189
66153
66997
66352
66971
68003
67472
67473
68214
68216
68217
68219
68220
68221
68222
68223
68224
68225
68231
68232
67489
67492
68259
68260
68263
67522
68264
68265
68266
68267
68268
67708
67961
68365
68554
68971
69418
70279
70280
70281
70282
70284
70285
70286
70287
70288
70290
70291
69777
70292
69779
69780
69781
70293
70294
69784
69785
70296
70297
70299
70300
70301
70302
70304
70305
70505
70318
70319
69809
70320
70321
70322
70323
70324
70325
70326
70327
70328
70329
70330
70331
70332
70333
70334
70335
70338
70339
70750
70751
70022
70023
70024
70025
70778
70779
70780
70781
70782
70783
70784
70786
70787
70637
71053
71054
71055
70949
71093
71094
70957
71095
71096
71097
71117
71119
71120
71121
71122
71123
71124
71125
71127
71129
71130
71131
71730
71733
71756
72104
72105
72106
72107
72109
72110
72113
72114
72115
72119
72120
71828
72121
72122
72123
72259
72124
72125
72126
72127
72269
72296
72300
72302
72303
72304
72305
72306
72307
72673
72308
72677
72679
72683
72684
73073
72320
72174
72175
72176
72177
72178
72179
72180
72692
72181
72182
72183
72184
72185
72186
72187
72197
72723
72724
72725
72726
72727
72728
72729
72730
72731
72732
72733
72734
72735
72736
72738
72739
72750
72241
72244
72248
72778
73315
73317
73318
73319
73320
73872
73873
73874
73875
73876
73877
73878
73880
73882
73883
73685
73884
73687
73688
73370
73371
73691
73692
73693
73694
73695
73696
73699
73700
73701
73703
73704
73705
73706
73707
73387
73388
73389
73708
73390
73709
73710
73391
73711
73392
73712
73393
73394
73714
73715
73396
73716
73397
73717
73718
73719
73400
73401
73720
73402
73403
73721
73404
73722
73723
73724
73406
73725
73407
73726
73408
73727
73409
73728
73411
73412
74090
74091
73414
73415
73416
73750
73434
73435
73436
73437
73438
73441
73442
74357
74358
74359
74360
74361
74362
74363
74366
74369
74370
74373
74374
74375
73651
74376
74378
74379
74380
74381
74382
74383
74384
74385
74388
73846
74389
73847
74390
74391
73848
73849
74392
74393
73850
74394
73851
74395
73852
74396
73853
74397
74398
73864
74898
74899
74900
74901
74912
74913
74914
74917
74918
75142
75147
75294
74629
74630
74631
75306
75307
75308
75309
75310
75179
75311
75180
75183
74990
74991
75332
75206
75333
75207
75334
75335
75336
75339
75340
75341
75350
74836
74838
74839
75226
75034
75270
75409
75910
75919
75925
75952
75953
75677
75804
75805
75806
75807
75808
76175
75809
76176
76180
76185
76186
76187
75822
75823
76189
75824
75825
76193
76195
76196
76198
75829
75844
75845
75846
75847
75848
75849
75850
76227
76428
76429
76040
76041
76042
76043
76046
76047
76048
76054
76057
76061
76470
76071
76072
76472
76475
76476
76479
77393
78144
80108
82145
82610
84711
84208
86359
86361
86762
85912
86893
86971
87851
88266
88268
88852
87275
88324
87606
87634
89176
89989
91980
93539
92894
93342
93689
92306
93746
93778
96678
97518
96435
96150
97091
96855
97436
97131
97438
97900
99512
101017
100733
101026
100508
100509
100198
99956
101536
101537
101994
101670
102536
102538
101890
101891
101892
102928
104343
104080
103579
103857
103322
103358
103395
104714
104740
104753
105554
106078
105837
105189
105865
105225
105244
106504
106551
106794
106805
106845
106867
107704
107792
107793
107218
107264
108305
108777
108607
108639
110039
109636
110555
111268
110593
112027
111804
113165
114238
114239
112568
112603
114329
112622
114424
113770
114699
116051
114789
116614
116253
115939
116963
117770
116996
117800
117801
117802
117803
117805
117012
116529
117810
117811
117812
116548
117821
117979
117982
117989
117990
117997
117998
117999
118000
118002
118003
118004
118005
118007
118008
118009
118010
118011
118014
118198
119423
123357
123371
123447
121232
121518
120400
124775
123633
122901
124662
123152
125597
125379
125381
126612
125447
126961
128107
128126
128127
128240
127946
128742
128961
128037
128044
128046
128047
130248
129207
129696
129972
130266
129242
129261
129611
130115
130141
130179
130190
131051
131785
130719
131142
132082
132083
132107
130872
131663
131664
131669
132531
132535
132536
132537
132538
132539
132540
132541
132543
132544
132545
132546
132278
132552
132287
132554
132555
132556
132292
132557
132558
132559
132563
132564
132567
132568
132570
132571
132573
132601
132602
132579
132603
132604
132581
132605
132582
132606
132583
132607
132584
132585
132586
132587
132592
132594
132598
132599
132600
132629
132630
132632
132635
132637
132639
132640
132642
132643
132644
132645
132646
132648
132654
132655
132657
132659
132661
132888
132708
132711
133524
132719
132721
132728
132922
132734
132748
132769
134081
133402
133403
133404
133405
133406
133407
133409
134411
133412
133413
133414
133415
133418
135344
135108
135283
135861
137282
137293
137189
139404
139416
138877
139474
139255
139030
139042
139291
138608
138643
138644
139573
141022
141270
141031
141034
140751
141047
141290
140754
141294
141295
141055
141060
140770
141313
141079
141080
141081
141316
141083
141318
141553
141558
141559
141336
141337
141567
141569
141570
141573
141574
141575
141338
141351
141592
141598
141599
141131
141135
141136
141139
141380
141633
141141
141405
141406
141144
141407
141408
141146
141147
141148
141153
141415
141155
141157
141423
141162
141163
141164
141424
141165
141425
141426
141166
140950
141436
141439
140956
141441
140957
141174
140960
141176
141178
140970
140973
140975
140977
140979
140987
141193
141474
141196
141007
141477
141479
141480
141481
141482
141207
141483
141484
141486
141218
141487
141488
141797
141489
141799
141227
141811
141812
141813
141814
141815
141817
141819
141826
141828
141518
141519
141522
141859
141861
141862
141863
141864
141767
141865
141768
141870
141871
141873
141786
141787
141788
141791
142125
142132
141793
142135
141794
142140
141904
141907
142146
142150
142153
142154
142157
142158
142159
142160
142161
142162
141934
141935
143001
142347
142350
142353
142354
141959
141960
141962
141972
142384
141973
142386
142387
142398
142188
141989
141990
142195
142403
141995
142201
142205
142409
142416
142417
142426
143273
143274
142440
142441
142236
142442
142443
142445
142447
142238
142022
142240
142241
142243
142456
142249
142467
142036
142037
142038
142039
142040
142041
142269
142485
142489
143358
142052
142490
142492
142053
142055
142493
142494
142280
143372
142505
142507
142294
142514
142299
142516
142529
142888
142539
143411
143418
143419
143439
144654
148139
148146
147954
147968
147973
147975
147978
147997
148002
148005
148432
148088
148448
148301
149014
149448
149078
149507
149121
149732
149309
148712
149156
149329
150648
150919
150048
151000
150306
151184
151023
150841
151316
151431
151939
151363
151374
152710
152004
151804
152553
152579
151871
153436
152681
153054
153231
154236
153517
154251
154004
154270
154081
154450
154904
154518
154739
155170
155715
154996
155008
155228
155046
155054
154873
155091
155603
155608
155609
156978
156758
156351
156667
158118
157628
157932
157961
158235
158311
158354
158359
160336
159720
160131
160403
160179
160648
160438
159513
160446
159832
160511
159944
161538
160759
161360
161225
161436
161723
161975
162439
164756
164793
165058
165069
164862
165174
165849
166303
166740
167733
167037
168176
167087
167971
168198
167612
168513
169209
168782
168561
169037
169500
169336
169758
169936
170177
169804
170872
171107
170351
170739
171083
171722
172765
172971
173922
174406
174328
174466
174651
174467
176392
177010
176836
178833
179450
