100080
100081
100086
100126
100149
10021
100220
100221
10025
10032
10033
10034
10035
10036
10037
10038
10039
10040
100404
10054
100631
100722
100725
100864
100887
100890
100896
100916
100924
101025
101066
101130
101179
10131
101392
101462
101479
101481
101490
101566
101603
101605
101613
101624
101650
101689
101691
101701
101702
101709
101746
101789
101810
101812
101848
101879
101882
10189
10190
101915
101939
10194
102007
102031
102041
102058
102063
102067
102068
102070
102079
102085
102114
102115
102118
102136
102197
102224
102244
102253
102254
102262
102283
10233
102377
102424
102459
102500
102609
102694
102788
1031
10315
103186
10319
1032
10320
103499
10353
10355
10356
10358
10359
10360
10361
103682
103695
10384
10385
10386
10387
103908
10395
10398
10399
10404
10405
10406
10407
10408
10409
104092
10410
10411
10412
10414
10415
10416
10417
10418
10439
10440
104971
105110
10529
10530
105770
1058
1059
10593
10594
10596
10613
106165
106231
106321
106396
10670
10673
10674
10675
10676
106761
106764
10677
106778
10681
10682
10684
106890
106918
107010
107108
107110
107114
107154
107250
107252
107260
107268
107321
107332
10739
10741
107460
10751
10752
10753
107658
107660
10775
10822
108500
108533
108534
108539
108558
108587
108613
10862
10867
108843
10899
10900
10902
10909
109338
10970
109740
109794
10993
10996
110136
11017
11018
11025
110255
110305
11031
110386
11050
11051
110653
11073
1108
11084
11085
1109
11090
110946
11106
11108
11111
11113
11115
11116
11120
11121
11122
111639
111692
111844
111859
111874
111875
11219
112227
112253
112663
112717
112791
11289
11290
113260
113627
113654
114752
114824
114827
114849
114852
114886
114891
114892
114893
114909
114910
114914
114936
114944
114945
114950
115014
115045
115068
115077
115078
115110
115118
115141
115163
115178
115179
115192
115193
11522
115222
115257
115271
115286
115306
115314
115315
115317
115346
115363
115390
115392
115398
115479
115502
115515
115518
115519
115529
115531
115535
115538
115540
115556
115589
115598
115601
115603
115609
115615
115619
115627
115640
115646
115652
115696
115702
115730
115758
115774
115784
115801
115804
115827
115837
115839
115843
115848
115849
115857
115871
115904
115906
115908
115934
115962
115985
115987
115991
116026
116034
11604
116044
116051
116059
116066
11607
116101
116247
116312
116418
116457
116465
11647
116485
116510
116513
116515
116516
116517
116518
116591
116596
116600
116621
116650
116653
116665
116681
116709
116714
116716
116740
116742
116744
116747
116752
116757
116765
116773
116779
116788
116793
116816
116834
116836
116847
116856
116859
116877
116923
116926
116929
116938
116954
116955
116975
116981
116993
117025
117041
117049
117063
117074
117102
117114
117120
117121
11714
11715
117155
117157
11716
117168
117173
117176
117177
117178
117181
117184
117186
117222
11724
117252
117296
117298
117321
117325
117336
11737
117383
117418
117422
117424
117425
117426
117427
117428
117443
117446
117465
117472
117483
117500
117503
117526
117548
117575
117577
117586
117605
117696
117754
117770
117781
117800
117801
117802
117803
117805
117810
117811
117812
117814
117816
117821
117823
117896
117912
117920
117924
117931
117933
117952
117962
117979
117982
117989
117990
117997
117998
117999
118000
118002
118003
118004
118005
118007
118008
118009
118010
118011
118014
118017
118022
118036
118042
118052
118064
118074
118075
118082
118093
118097
118098
118103
118110
118115
118138
118145
118170
118184
118216
118234
118241
118273
118275
118316
118340
118349
118351
118352
118353
118370
118371
118387
118390
118392
118411
118414
118418
118429
118431
118435
118439
118447
118448
118451
118478
118484
118490
118494
118565
118599
118664
118669
118682
118683
118705
118706
118707
118735
118766
118813
118816
118818
118819
118827
118828
118829
118835
118838
118842
118850
118862
118863
118870
118883
118888
11889
118893
118912
118921
118929
118938
118940
118941
118946
118966
119070
119071
119090
119104
119106
119107
119108
119123
119145
119166
119170
119173
119175
119180
119185
119187
119206
119217
119224
119226
119231
119235
119238
119242
119244
119246
119247
119251
119252
119254
119258
119259
119266
119271
119277
119280
119281
119283
119285
119288
119300
119306
119308
119310
119334
119400
11942
11947
119518
119519
119566
119584
119621
119623
119677
119679
119682
119686
119702
119705
119707
119709
119793
119820
119826
119829
11985
119864
119870
119894
119950
119985
120006
120008
120042
120070
120083
120095
120122
120125
120135
120156
120192
120280
120281
120282
120289
120291
120293
120302
120314
12033
120505
120518
120519
120937
120959
121024
121145
121174
121176
121179
121180
121183
121221
121251
121278
121329
121423
121424
121429
121712
121734
121965
121968
122526
122527
122538
122539
122540
122543
122549
122555
122559
122560
122567
122576
122579
122608
122624
12263
122637
122641
122642
122677
122681
122715
122718
122725
122744
122748
122777
122779
122781
122782
122796
122804
122826
122828
122833
122834
122849
122855
122858
122862
122863
122890
122891
122918
122928
122930
122938
122943
122944
122949
122954
122956
122964
122967
122972
122974
122975
122978
122984
122989
122990
122996
122997
122998
122999
123001
123002
123003
123004
123005
123009
123010
123011
123012
123015
123016
123017
123018
123019
123020
123022
123023
123024
123026
123041
123043
123047
123048
123049
123050
123053
123054
123056
123061
123065
123066
123069
123070
123071
123072
123073
123081
123083
123084
123085
123087
123088
123090
123091
123093
123097
123099
123101
123102
123104
123107
123108
123109
123111
123112
123113
123115
123123
123126
123130
123131
123132
123134
123136
123154
123159
123164
123168
123176
123188
123190
123194
123197
123203
123226
123234
123235
123236
123241
123246
123249
123250
123252
123265
123269
123270
123286
123292
123304
123323
123325
123333
123338
123340
123341
123354
123377
123423
123462
123464
123475
123479
123517
123538
123539
123549
123556
123557
123601
123650
123655
123660
123661
123665
123667
123669
123670
123673
123707
123733
123734
123736
123737
123739
123740
123741
123742
123744
123745
123746
123752
123753
123755
123756
123758
123760
123762
123763
123766
123767
123772
123774
123795
123799
123805
123807
123809
123810
123817
123825
123828
123829
123830
123831
123832
123833
123837
123847
123851
123864
123877
123889
123895
123897
123906
123915
123916
123919
123921
123922
123923
123924
123925
123926
123932
123943
123947
123950
123951
123954
123957
123959
123964
123965
123967
123968
123969
12397
123987
123994
124042
124079
124080
124084
124085
124086
124087
124097
124098
124099
124100
124101
124107
124110
124111
124112
124113
124114
124115
124118
124121
124123
124124
124125
124127
124129
124130
124135
124136
124137
124138
124139
124140
124182
124199
124217
124232
124258
124260
124266
124267
124274
124306
124310
124315
124323
124324
124327
124328
124329
124330
124331
124334
124335
124337
124380
124406
124422
124439
124444
124446
124448
124450
124451
124453
124454
124455
124459
124460
124462
124467
124470
124471
124472
124473
124474
124475
124477
124479
124480
124481
124482
124485
124486
124487
124488
12450
12451
124533
124605
124610
124613
124614
12472
124720
124721
124722
124725
12473
124734
124739
12474
124751
124773
124776
124797
124803
124884
124886
124892
124918
124919
124929
124933
124937
124943
124945
125067
125093
125109
125160
125221
125223
125229
125282
125288
125292
125295
125296
125297
125298
125299
125301
125302
125324
12533
125335
125355
125381
125383
125390
125394
125421
125422
125423
125426
125431
125444
125461
125463
125465
125466
125468
125470
125472
125484
125485
125486
125491
125494
125496
125497
125498
125499
125500
125502
125507
125524
125525
125526
125527
125528
125529
125530
125531
125534
125541
125557
125558
125570
125577
125579
125592
125596
125599
125604
125605
125624
125629
125630
125633
125644
125658
125666
125674
125688
125690
125696
125736
125768
125772
125773
125776
125777
125778
12580
125801
12581
12583
125836
125837
125846
125857
125862
125869
125888
125900
125905
125913
125939
125942
125944
125948
125952
125954
125959
125964
125966
125968
125979
125983
125999
126002
126003
126004
126005
126006
126007
126008
126010
126013
126014
126016
126017
126019
126021
126022
126028
126030
126031
126032
126033
126034
126035
126036
126039
126040
126041
126043
126044
126047
126051
126052
126053
126057
126058
126059
126061
126062
126065
126071
126077
126081
126085
126089
126091
126092
126094
126095
126096
126101
126107
126111
126114
126115
126119
126123
126125
126131
126132
126133
126136
126137
126140
126145
126147
126148
126149
126150
126152
126153
126163
126173
126175
126178
126186
126187
126188
126189
126190
126191
126192
126193
126194
126195
126196
126197
126207
126211
126212
126214
126216
126217
126218
126219
126220
126223
126225
126226
126227
126228
126229
126232
126233
126234
126235
126238
126239
126240
126242
126243
126244
126246
126251
126253
126254
126256
126257
126258
126265
126267
126269
126270
126273
126275
126293
126294
126295
126296
126297
126298
126301
126302
126303
126304
126305
126315
126316
126321
126323
126331
126332
126335
126342
126343
126344
126345
126348
126370
126375
126377
126379
126381
126383
126405
126412
126413
126416
126426
126427
126434
126437
12644
126442
126443
12645
126457
126459
126467
126468
126469
126470
126471
126472
126473
126474
126475
126477
126478
126479
126491
126493
126494
126495
126497
126506
126517
126520
126523
126531
126532
126537
126539
126540
126543
126551
126561
126569
126577
126582
126589
126591
126593
126594
126622
126631
126632
126637
126638
126641
126643
126673
126680
126685
126686
126687
126691
126693
126704
12671
12674
12676
126804
12681
126817
126824
126849
126852
126853
126854
126855
126856
126857
126859
126860
126862
126864
126866
126867
126868
126869
126875
126876
126885
126886
126894
126895
126903
126916
126917
126939
126941
126976
126977
126978
126979
126980
126981
12700
12701
127018
127021
127025
127026
127039
127041
127043
127046
12706
12708
127085
127086
127087
127088
12709
12710
127102
12711
127158
127169
127172
127179
127180
127181
127182
127187
127189
127190
127192
127200
127251
127278
127283
127309
127311
127323
127347
127348
127350
127413
127426
127432
127472
127492
127503
127508
127510
127512
127513
127515
127517
127521
127540
127544
127545
127546
127547
127549
12755
127551
127553
127554
127555
127556
127557
127558
127559
127560
127561
127564
127576
127577
127610
127628
127648
127649
127652
127656
127657
127659
127660
127661
127664
127665
127668
127669
127670
127671
127672
127673
127674
127678
127723
127732
127742
127743
127744
127752
127779
127831
127863
127864
127868
127885
127946
127957
127967
127978
127995
128117
128167
128206
128232
128259
128330
128374
128482
128529
128635
128693
128700
128702
128717
12873
12874
128753
128754
12876
12878
128786
128793
128794
128823
128827
128828
128829
128830
128831
128832
128839
128845
128863
128865
128866
12891
12892
12893
129020
12905
12906
129071
129076
129079
129080
12909
12910
12911
12923
12924
12925
12928
129438
129632
129634
12964
129644
129645
129647
129675
129711
129719
129722
129724
129726
129730
129731
129735
129739
129740
129741
129743
129751
129752
129754
129755
129758
129766
129789
129790
129791
129792
130174
130261
13035
130393
130730
130731
130732
130735
130787
13080
13082
131067
131146
131381
13208
13210
13240
13242
13255
133660
135926
13633
136379
136406
136767
136901
137073
137091
137092
137093
137246
137251
13727
137291
137521
137570
137576
137582
137585
137587
137588
137592
137596
137602
137606
137615
137616
137618
137622
137625
137627
137629
137635
137640
137646
137669
137872
137974
138109
138116
138192
138221
138278
138319
138321
138341
138417
138545
138564
138573
138841
138891
139023
139129
139132
13928
139281
13929
13933
13936
139379
139384
139439
139459
13960
139611
139625
139634
139744
139778
139779
139780
139781
139782
139783
139793
139852
139905
13992
139921
13994
13995
13996
140041
140447
1407
1408
14134
141420
141629
14178
14182
14183
141881
141883
14190
14193
14194
14242
14243
142586
142666
142667
142674
142686
142748
142854
142996
143002
143054
143103
143230
143285
143294
143298
143325
143865
144027
14447
144498
14461
14480
14481
144810
14482
14483
14484
14485
144859
14487
14491
144968
144970
144976
144978
144980
144984
144985
144998
145008
145009
145011
145012
145038
145044
14505
145101
14513
145132
145135
145186
1452
145305
145334
145338
14536
145371
145405
145427
145429
145491
145538
145595
14560
14561
14562
14564
14565
14573
14574
14575
145751
14581
14582
14583
14584
14585
14586
14587
14591
14592
14593
14594
14595
14598
146186
146187
146193
146257
146287
14636
14638
146665
146666
146668
146671
146672
146674
146681
14677
146777
146778
14678
14679
14680
14681
146843
146911
146920
146929
146930
146931
146934
147018
147024
147028
147037
147046
147047
147053
147054
147055
147058
147064
147070
147081
147122
147154
147169
147188
147195
147196
147198
147226
147250
147271
147280
147290
147303
147324
147341
147349
147350
147577
147578
147581
147582
147591
147632
147636
147640
147659
147666
147713
147719
147781
147836
147850
147880
147912
147917
148010
148028
148035
148040
148055
148062
148082
148086
148094
148117
148149
148155
148156
148185
148189
148202
148209
148218
148227
148232
148240
148259
148263
148282
148291
148311
148317
148318
148323
148324
148339
148347
148350
148383
148388
148399
148415
148417
148425
148468
148480
148485
148494
148539
148562
148585
148588
148589
148591
148592
148632
148635
148643
148650
148674
148706
148718
148725
148726
148736
148744
148862
148864
148938
148939
148944
148961
148963
148972
148980
148982
148985
148999
149017
149052
149074
149086
149089
149090
149103
149142
149155
149190
149207
149227
14923
149238
14924
14925
149291
149313
149332
149347
149356
149375
149388
149389
149401
149426
149440
149456
149466
149469
149477
149497
149498
149530
149550
149551
149552
149626
149627
149643
149650
149660
149764
149773
149833
149845
149871
149889
14989
149893
149894
149904
149918
149919
149928
149976
149983
150014
150022
150036
150038
150047
150123
150129
150137
150139
150147
150166
150178
150189
150199
150203
150209
150216
150222
150233
150283
150342
150346
150360
150381
150409
150445
150448
150449
150452
150461
150462
150465
150469
150490
150493
150502
150537
150593
150596
150598
150601
150622
150639
150644
150653
150683
150697
150730
150734
150754
150760
150850
150872
150895
150905
150938
150985
150993
150997
151009
151015
151031
151068
151075
151094
151100
151126
151133
151161
151175
151194
151195
151202
151205
151207
151245
151264
151272
151300
151303
151329
151335
151365
15137
151432
151440
151452
151463
151464
151470
151488
151506
151507
15151
15152
15154
151560
151565
151566
151571
151578
151582
151598
151617
151675
151712
151717
151722
15176
151763
151769
15177
151774
151775
151776
15178
151785
151799
151805
15181
151817
151818
15182
151825
151828
151862
15189
151904
15191
151910
151926
151931
151937
151955
151958
151970
151979
151981
151994
152002
152008
152034
152045
152054
152058
152076
152083
152088
152119
152143
152165
152183
152184
152197
152205
152217
152239
152248
152274
152297
152317
152320
152332
152337
152344
152345
152359
152385
152393
1524
152401
152405
152450
152456
152460
152478
152525
152529
152533
152538
152577
152589
152598
152613
152615
152622
152627
152646
152650
152659
152679
152696
152697
152699
152700
152703
152717
152728
152742
152749
152750
152774
152784
152788
152794
152795
152799
152819
152822
152828
152829
152833
152834
152839
152840
152853
152883
152884
15292
152932
152936
15294
15295
152950
152962
152963
152964
153000
153008
153011
153028
153029
153049
153061
153098
153102
153114
153118
153148
153157
153191
153193
153196
153198
153203
153205
153213
153233
153261
153263
153265
153276
153313
153315
153326
153329
153343
153345
153349
15335
153351
153352
153359
15336
153374
153376
153379
153380
153387
153390
153395
153403
153406
153413
153427
153433
153440
153458
153459
153462
153463
153466
153469
153471
153476
153477
153482
153484
153485
153486
153487
153488
153512
153520
153522
153530
153531
153533
153546
153553
15359
153614
153631
153637
153666
153685
153691
153704
153723
153760
153762
153785
153797
153811
153822
153828
153829
15383
153830
153834
15384
153844
153854
153865
153868
153876
153887
153914
153936
153946
153949
153952
153959
153966
153991
153994
153997
154030
154031
154039
154049
154058
154068
154079
154082
154083
154135
154137
154190
154193
154198
154211
154219
154224
154232
154243
154249
154254
154268
154283
154333
154351
154354
154364
154380
154400
154401
154407
154423
154445
154461
154462
154479
154480
154491
154492
154501
154513
154522
154563
154569
154573
154588
154615
154618
154623
154628
154668
154676
154677
154687
154695
154696
154702
154719
154720
154730
15475
154755
154756
15476
154766
154775
154798
154813
154819
154836
154870
154874
154895
154901
154916
154921
154922
154925
154942
154954
154966
154998
155006
155009
155010
155022
155061
155095
155099
155107
155112
155121
155124
155135
155159
155164
155196
155208
155217
155247
155291
155339
155367
155395
155442
155503
155505
155517
155519
155526
155532
155534
155535
155536
155539
155542
155615
155651
155663
155666
155671
155682
155696
155697
155727
155768
155770
155779
155785
155786
155787
155788
155791
155793
155800
155804
155805
155808
155809
155812
155813
155816
155820
155821
155825
155827
155842
155860
155871
155879
155882
155890
155898
155906
155916
155917
155931
155932
155935
155937
155938
155985
155995
156013
156014
156019
156032
156033
156036
156043
156045
156048
156054
156063
156067
156068
156069
156077
156083
156088
156105
156108
156151
156162
156226
156229
156252
156264
156274
156278
156287
156288
156301
156345
156352
156367
156403
156406
156421
156422
156439
156461
156466
156478
156484
156486
156505
156538
156568
156571
156583
156587
156588
156592
156614
156623
156625
156628
156629
156630
156635
156638
156658
156662
156666
156670
156682
156700
156702
15678
15683
156834
156839
156870
156878
156904
156911
156913
156924
156931
156935
15694
15695
156963
156984
156986
156989
157005
157029
15704
157056
15707
157075
15708
157108
157137
157140
157154
157157
157160
157197
15720
157205
157211
157212
15722
15723
157244
157260
157347
157352
157362
157369
157428
157436
157440
157453
157454
157466
157472
157474
157496
157576
157579
157596
157601
157630
157656
157686
157697
157701
157707
157708
157710
157711
157716
157717
157718
157725
157733
157734
157758
15776
157760
157761
157762
157763
157765
157769
15778
157801
157808
157834
157838
157840
157919
157923
157948
157950
157964
158046
158047
158048
158051
158060
158061
158062
158073
158076
158085
158105
158116
158123
158199
158202
158210
158214
158230
158231
158239
158244
158251
158253
158264
158291
158355
158370
158384
158435
158436
158446
158473
158474
158480
158497
158509
158511
158531
158539
158541
158543
158581
158585
158596
158600
158609
158610
158612
158615
158618
158626
158650
158651
158653
158655
15868
15873
158736
158791
158793
158796
158801
158817
158821
158862
158869
158870
158877
158900
158946
158948
158955
158998
158999
159004
159007
159015
159020
159143
159173
159174
159175
159177
159178
159179
159180
159181
159198
159251
159267
159278
159280
159285
159305
159311
159319
159326
159335
159385
159395
159405
159410
159486
159523
159536
159556
159574
159664
159676
159677
159686
159691
159700
159706
159712
159726
159727
159730
159736
159739
159743
159767
159778
159779
15978
159781
159814
159827
159843
159865
159886
159912
159978
15998
159984
15999
160002
16003
160038
16005
160056
160058
1601
16013
160136
160159
160162
1602
160243
160246
160267
160294
1603
160326
160343
160346
160353
160354
160380
1604
160412
160418
160425
160441
160453
160464
160488
160497
160507
160970
16131
16137
16198
162040
162041
162044
162047
16211
162114
162129
162193
162196
162240
162253
16227
162296
162354
162440
162458
162468
162527
162536
162548
162562
162575
162592
162610
162614
162634
162661
162673
162677
162688
162696
162700
162711
162713
162742
16276
162770
162774
162782
162795
16280
162801
162806
16281
162829
162864
162875
162876
16289
162895
16292
162925
162928
16294
162954
162957
162960
162961
162980
162983
162988
162992
162996
163000
163042
163046
16305
163050
163086
163100
163103
163104
163117
163118
163119
163130
163135
163159
163177
163187
163203
163204
163212
163214
163215
163216
163217
163225
163233
163245
163247
163255
163294
16331
16332
163321
163326
16333
163331
163334
163337
16334
163341
163342
163356
163360
163366
163376
163387
163389
16339
163390
163392
163398
163401
163427
163433
163435
163443
16359
163642
16385
163997
164000
164043
164044
164127
164131
164134
164270
164405
16443
164459
164473
164486
164501
164503
164504
164614
164619
164638
164640
164735
164783
164784
164792
164839
164850
164873
164885
164969
165002
165026
165060
165070
165162
165170
16518
165363
165381
165577
165632
165708
16580
165889
165917
165949
166288
166406
166540
166547
166636
166642
166689
166793
166814
166817
166821
166824
166827
166851
166900
167025
167059
167060
167127
167165
167303
167316
16739
16740
16744
167542
167554
167556
167593
167619
167661
167770
167773
167776
167787
16781
167813
167820
167823
16783
16784
167993
168066
168120
168166
168250
168271
168296
168301
168412
16850
168546
16860
168722
168725
16876
16878
16880
16881
16883
16885
16890
16891
168993
169010
169050
169059
169525
169561
169577
169586
169590
169607
169650
169715
169719
16973
16974
170027
170115
17035
17036
17037
170512
170515
170600
170758
170767
170773
170784
170790
170793
170795
170797
170800
170803
170852
170853
17100
171132
171218
171257
171282
171298
171327
171360
171376
171384
171498
171710
171780
171814
172111
172158
17238
17240
172506
172606
172607
172829
172878
172917
172932
172937
172962
172981
173572
173652
173668
173669
173732
173791
173795
173797
173805
173817
173820
17408
174133
174134
174136
17419
17420
17421
17422
174232
174430
174662
174666
174676
174677
174678
174818
174824
17489
17490
174905
17492
17496
175126
175132
175186
175526
175654
175663
175667
175669
175671
175767
175787
175828
17584
17585
175935
17607
176322
176567
176662
176663
176664
176687
176771
176811
176852
176878
17709
17714
17716
177294
17732
177328
177331
177349
177444
178140
178163
178183
178188
178210
178221
178230
178234
178236
178237
178285
178322
178331
17835
17839
178408
178444
178462
178467
178506
178509
178528
178575
178576
178578
178616
17864
178642
178646
17865
178671
178755
178760
178775
178829
178831
178832
178833
178868
178878
178891
178950
179023
179068
179079
179102
179121
179123
179169
179175
179205
17921
17923
179240
179243
179264
179291
179323
179333
179350
179355
179358
179368
179393
179395
179397
179398
179402
179407
179415
179417
179418
179447
179458
179500
179505
179536
179561
179562
17961
179620
17964
179642
179645
179657
179658
179691
179714
179751
179754
179810
179830
179832
179848
179923
179930
179946
179949
179952
179958
179983
179998
18001
18002
18005
18006
18011
180236
180272
180274
180313
180346
180348
180406
180420
180456
180460
180464
180465
180466
180473
18049
180501
18051
18052
18056
180614
180670
180702
180704
180708
180722
180724
180751
180760
180762
180763
180771
180774
180776
180903
180904
180908
180910
180939
18094
18095
18099
181025
181030
181048
181054
181057
18108
18109
181096
18110
181120
181122
181126
18113
181164
181204
181207
181208
181268
181302
181323
181331
181338
181354
181355
181356
181360
181391
181393
181406
181415
181416
181417
181418
181439
181460
181507
181512
181536
18156
181566
181602
181652
181655
181667
181698
181704
181714
181717
181759
181790
18188
18190
181906
181924
181938
181939
181942
181949
181952
181978
181986
181988
182002
182011
182013
182014
182092
182127
182154
182181
182210
182236
182251
182261
182264
18227
18228
182341
182535
182539
182544
182557
182560
182610
182636
182637
182638
182722
182723
182724
182725
182726
182727
182731
182734
182735
182736
182847
182848
182849
182850
182851
182852
182853
182894
182895
182896
182897
182898
182899
182999
183000
183001
183002
183003
183004
183005
183006
183007
183053
183054
183055
183056
183057
183058
183059
183060
183061
183062
183063
183064
183065
183066
183067
183068
183077
183078
183079
183080
183081
183082
183105
183106
183107
183108
183253
183254
183255
183256
183437
183438
183439
183440
183441
183442
183443
183444
183445
183446
183447
183448
183612
183613
183614
183615
183616
183617
183618
183619
183697
183698
183699
183700
183736
183737
183738
183739
183740
18375
18388
183882
183883
183884
183885
183886
183887
18389
18395
183958
183960
183971
183972
183973
183974
183975
183976
184101
184102
184103
184104
184105
184106
184107
184108
184109
184110
184111
184161
184201
184202
184203
184204
184205
184206
184207
184208
184209
184210
184211
18422
184228
184229
184230
184231
184232
184233
184234
184235
184236
184237
184246
184247
184248
184249
184250
184251
184257
184258
184259
184260
184261
184262
184266
184267
184268
18444
184575
184576
184577
184616
184617
184618
184619
184620
184621
184622
184623
184624
184625
184660
184661
184662
184663
184664
1847
185122
185123
185124
185125
185126
185127
185128
185129
185204
185205
185206
185207
185208
185209
185210
185292
185293
185294
185295
185296
185297
185427
185428
185429
185430
185431
185432
185433
185434
185540
185541
185542
185543
185859
185860
185861
185862
185863
185864
185905
185906
185907
185908
185909
185910
185928
185929
185932
185933
185934
185935
185936
185937
185938
186064
186065
186066
186067
186068
186069
186070
186071
186112
186113
186114
186115
186116
186117
186151
186152
186153
186154
186155
186156
186309
186310
186311
186312
186313
186314
186315
186316
186317
186318
186319
186320
186354
186355
186524
186525
186526
186527
186528
186529
18662
186711
186712
186713
186714
186715
186716
186748
186749
186750
186751
186752
186753
186830
186831
186832
186833
186834
186835
186836
186837
18686
186860
186861
186862
186863
186864
186865
186866
186867
186868
18687
186880
18689
186895
186896
18690
187059
18707
18712
18719
187319
187320
187321
187322
187323
187324
187325
187326
187327
187328
187329
187330
187331
187332
187333
18738
187385
187386
187387
18739
18740
18741
18742
187516
187517
187518
187519
187520
187521
187527
187528
187529
187530
187531
187532
187533
187534
18761
18778
187783
18779
187829
187830
187831
187832
187833
187834
187835
187836
187847
187848
187849
187850
187851
187852
187853
187854
187855
18787
18788
18789
18793
18794
188046
188047
188048
188049
188050
188051
188052
188053
188054
188055
188088
188089
188090
188091
188092
188093
188094
188095
188096
188097
188098
188099
188100
188101
188102
188103
188104
188105
188159
188201
188202
188203
188256
188257
188258
188259
188260
188261
188262
188267
188268
188269
188270
188271
188272
188344
188345
188465
188466
188467
188468
188539
188565
188566
188567
188568
188751
188752
188753
188860
188868
189012
189013
189014
189015
189016
189017
189018
189019
189323
189421
189422
189423
189424
189425
189426
189427
189450
189457
189458
189459
189460
189461
189462
189463
189464
189473
189474
189598
189599
189663
189664
189665
189666
189667
189668
189733
189734
189735
189736
189737
189738
189861
189862
189863
189864
189865
189866
189909
189910
189966
189967
189968
189969
189970
189971
189972
189973
190170
190171
190172
190173
190266
190312
190313
190314
190315
190316
190317
190318
190319
190368
190369
19037
190376
190377
190378
190379
190380
190381
190382
190383
190384
190385
190386
190573
190574
190575
190576
190741
190742
190743
190744
190758
190846
190847
190848
190849
190850
190851
19095
19096
190976
190977
190978
190979
19103
191132
191133
191134
191135
191136
191137
191185
191186
191187
191188
191189
191190
191191
191192
191193
191194
191195
191196
191227
191373
191374
191375
191376
191377
191378
191379
191380
191381
191774
191775
191776
191777
191778
191779
191806
191807
191808
191809
191810
191811
191823
191824
191825
191826
191827
191828
191829
191830
191878
191879
191880
191881
191900
191901
191902
191903
192004
192005
192006
192007
192008
192009
192194
192195
192196
192340
192341
192342
192343
192344
192470
192471
192472
192473
192558
192559
192740
192741
192742
192743
192744
192745
192746
192747
192748
192749
193103
193104
193105
193106
193107
193108
193109
193116
193117
193118
193119
193120
193201
193202
193203
193204
193205
193226
193227
193228
193229
193230
193231
193286
193287
193288
193303
193304
193305
193306
193307
193308
193309
193310
193311
193312
193338
193339
193340
193341
193342
193343
193344
193345
193346
193347
193437
193438
193439
193440
193491
193492
193493
193494
193495
193496
193497
193574
193668
193669
193670
193671
193672
193673
193674
193675
193688
193715
193716
193717
193718
193719
193720
193728
193729
193730
193731
193775
193776
193777
193846
193976
193978
193996
193997
193998
193999
194000
194001
194032
194039
194117
194345
194362
194363
194364
194365
194366
194367
194575
194576
194577
194578
194579
194580
194671
194672
194673
194674
194675
194676
194677
194678
194679
194751
194752
194753
195008
195009
195010
195011
195012
195013
195014
195015
195016
195017
195018
195025
195026
195027
195028
195029
195037
195038
195039
195040
195041
195042
195043
19506
195092
195093
195094
195330
195331
195332
195333
195334
195335
195336
195337
195338
195476
19551
19552
19553
195535
195536
19554
19556
195561
195562
195679
195680
195681
195682
195683
195684
19587
19588
195888
195889
19589
195890
195891
195892
195893
19590
19591
195920
195921
195922
195923
195924
19603
196040
196041
196042
196043
196044
196045
196046
196047
196048
196074
196075
196076
196077
196078
196079
196080
196091
196092
196093
196094
196095
196096
196187
196188
196224
196225
196226
196350
196351
196352
196353
196354
196355
196407
196408
196409
196410
196411
196412
196413
196414
196769
196770
196771
196772
196773
196774
197107
197108
197109
197119
197120
197121
197122
197123
197124
197125
197126
197127
197128
197129
197130
197193
197194
197195
197229
197230
197231
197232
197233
197234
197281
197282
197283
197284
197285
197286
197287
197288
197289
197290
197291
197429
197430
197431
197432
197433
197434
197525
197526
197527
197528
197529
197530
197531
197532
197671
197672
197673
197674
197675
197676
197677
197678
197679
197680
197681
197682
197683
197705
197706
197707
197708
197709
197710
197728
197729
197730
197731
197804
197805
197806
197807
197808
197809
197876
197890
197972
197973
197974
197975
198027
198028
198029
198030
198031
198032
198108
198117
198118
198119
198193
198194
198195
198196
198214
198215
198216
198217
198218
198219
198220
198221
198275
198276
198277
198278
198289
198290
198291
198292
198293
198294
198295
198296
198297
198369
198370
198371
198372
198373
198374
198375
198376
198377
198378
198379
198393
198394
198395
198396
198397
198398
198399
198400
198401
198402
198542
198543
198638
198639
198756
198757
198846
198847
198848
198849
198850
198851
198926
198927
198928
198929
198930
198931
198932
198933
198934
198935
198962
198963
199052
199053
199054
199055
199056
199057
199058
199059
199060
199061
199062
199063
199064
199065
199066
199136
199137
199138
199139
199140
199141
199142
199143
199212
199213
199214
199215
199216
199217
199218
199219
199404
199405
199531
199532
199533
199534
199535
199536
199597
199598
199599
199600
199601
199602
199603
199682
199757
199758
199759
199760
199761
199762
199835
199836
199837
199838
199839
199840
19989
200028
200029
200030
200031
200032
200033
200059
20022
200220
200221
200222
200223
200224
200225
200226
200227
20024
200246
200339
200340
200372
200373
200374
200375
200376
200377
200378
200379
20038
200380
200381
20040
200429
20043
200430
200431
200432
200433
200434
200435
200496
200497
200548
200549
200550
200551
200552
200553
200554
200555
200556
200557
200911
200912
200913
200914
201005
201006
201007
201008
201009
201010
201011
201012
201059
201060
201083
201084
201085
201086
201087
201088
201095
201096
201097
201098
201099
201100
201101
201102
201103
201104
201153
201154
201155
201156
201157
201158
201286
201287
201288
201289
201290
201291
201292
201493
201494
201495
201496
201497
201498
201499
201566
201567
201568
201569
201570
201571
201572
201573
201701
201702
201703
201704
201705
201706
201707
201708
201709
20174
201782
201783
201784
201785
201786
201787
201788
201789
201790
201791
20196
202105
202106
202107
20217
202174
20218
20237
202390
20240
20243
202437
202554
20281
20292
203015
203016
203042
203152
203153
203154
203155
203156
203157
203158
203159
203160
203161
203162
203179
203180
203181
203182
203183
203184
203185
203186
203187
203188
203448
203449
203535
203536
203537
203538
203551
203552
203553
203554
203555
203556
203557
203660
203697
203698
203699
203700
203701
203782
203783
203784
203785
203786
203787
203788
203789
203790
203791
203792
203793
203820
203821
203822
203823
203824
203825
20384
20385
203853
203854
203855
203856
203857
203858
203859
203860
20387
203961
203962
203963
203964
203977
203978
203979
204028
204029
204030
204031
204032
204033
204034
204035
204036
204037
204110
204111
204118
20417
204171
204172
204173
204174
204175
204176
204177
204178
204179
204197
204198
204199
204200
204201
204202
204242
204243
204244
204290
204291
204292
204319
204320
204321
204322
204323
204324
204325
204349
204350
204351
204370
204371
204401
204402
204403
204404
204405
204504
204505
204601
204602
204603
204604
204605
204606
204714
204715
204716
204717
204718
204719
204720
204721
204753
204754
204755
204756
204757
204758
20479
204854
204855
204921
204922
204923
204924
204925
204926
204927
205014
205015
205016
205017
205019
205020
205021
205022
205023
205024
205054
205055
205056
205057
205058
205059
205060
205061
205062
205063
205141
205142
205143
205144
205145
205146
205147
205317
205318
205319
205320
205321
205322
205323
205324
205325
205523
205535
205536
205537
205538
205539
205540
205541
205542
205676
205677
205678
205679
205680
205681
205682
205683
205684
205685
205686
205763
205764
205765
205766
205767
205768
205769
205770
205771
205772
205851
205852
205853
205854
205855
205856
205857
205858
205929
205930
206077
206078
206079
206080
206152
206290
206291
206292
206293
206294
206295
206296
206297
206298
206299
206300
206301
206302
206303
206304
206305
206306
206307
206308
206309
206374
206375
206376
206377
206378
206379
2066
2067
206783
206784
206785
206786
206787
206788
206789
206790
2068
206870
206871
206872
206873
206874
206909
206910
206911
206912
206913
206914
207082
207083
207084
207085
207086
207087
207164
207165
207166
207167
207168
207169
207170
207171
207172
207271
207272
207273
207274
207275
207276
207277
207278
207279
207280
207282
207283
207416
207417
207418
207419
207420
207421
207422
207423
207424
207579
207580
207581
207582
207583
207584
207585
207586
207587
207588
207589
207590
207591
207592
207593
207594
207595
207597
207598
207599
207600
207601
207602
207603
207710
207711
207712
207713
207714
207715
207716
207717
207718
207719
207720
207721
207722
207723
207724
207725
207726
207727
207728
207729
207730
20777
20778
20779
20781
20783
207973
207974
207975
207976
207977
207978
207979
20798
207980
207981
207982
20801
20802
20810
20811
20812
208120
208121
208122
208123
20815
20817
208177
208178
208179
20818
208180
208181
208182
20820
208264
208265
208266
208267
208268
208269
208270
208271
208272
208273
208274
208275
208276
208277
208278
208285
208286
208287
208288
208289
208290
20830
20833
20834
20836
20838
20839
208702
208703
208704
208705
208706
208707
208708
208709
208710
208711
208784
208785
208786
208787
208788
208789
20879
208790
208791
208792
208793
208800
208801
208802
208803
208804
208805
208806
208807
208808
20900
20901
20903
209165
209651
20968
209718
209719
209720
209721
209722
209723
209724
209725
209726
209745
209781
209782
209783
209784
209948
209949
209950
209951
209952
209953
209954
210001
210002
210003
210010
210011
210012
210013
210014
210015
210074
210075
210076
210077
210078
2101
210239
210240
210241
210242
210243
210244
210275
210276
210277
210278
210279
210280
210281
210282
210283
210284
2104
210591
210592
210593
210594
210595
210596
210732
210931
210932
210933
210934
211022
211023
211113
211114
211115
211116
211117
211118
211148
211149
211150
211242
211243
211244
211245
211246
211247
211248
211249
211250
211251
211252
211253
211330
211331
211332
211333
211376
211377
211378
211379
211380
211381
211382
211383
211398
211399
211400
211401
211402
211449
211450
211451
211452
211453
211454
211455
211456
211457
211458
211459
211460
211461
211462
211477
211539
211540
211541
211542
211543
211544
211545
211546
211547
211548
211549
211550
211551
21161
21162
21163
21165
21167
211676
211705
211706
211707
211708
211709
21171
211710
211711
21172
21173
21178
211780
211781
21179
21181
21182
21183
211830
211850
211851
211852
211853
211854
211855
211868
211869
21187
211870
211871
211872
211873
2119
212025
212026
212027
212028
212055
212074
212075
212076
212077
212078
212079
212080
212081
212082
212083
212084
21209
2121
212153
212154
212185
212186
212187
212188
212189
21219
212190
212191
212192
212193
212194
2122
212223
212224
21236
21238
2124
21245
212638
212679
212680
212681
212682
212683
212684
212685
212686
212687
212688
212689
212690
212691
212692
212693
212694
212695
212696
212697
212698
212831
212857
213050
213051
213052
213053
213054
213055
213056
213057
213058
213059
213060
213061
2131
213190
213191
213192
213193
213194
213195
213196
213197
213198
213199
2132
213200
213220
213221
213222
213223
213254
213255
213256
213277
213278
213279
213280
213281
213282
213283
213284
213285
213286
213302
213303
213304
213305
213306
213307
213308
213309
213310
213341
213342
213343
213344
213351
213352
213353
213354
213355
213356
213357
213358
213388
213389
213390
213391
213392
213393
213394
213395
213396
213397
2134
213462
213488
213489
213490
213491
213492
213493
213494
213495
213496
213497
213498
213499
2135
213500
2136
213662
213663
213664
213665
213666
213667
2137
213857
213921
213922
213944
213945
2140
214009
214010
214011
214012
214013
214014
214015
214016
214017
214018
214093
214094
214095
214096
214097
214098
214099
214185
214186
214187
214188
214189
214287
214288
214289
214290
214291
214292
214293
214294
214295
214296
214335
21439
214412
214413
214414
214415
214416
214417
214534
214684
214685
214686
214687
214688
214689
214690
21484
214846
214847
214848
214849
214850
214851
214915
214916
214917
214918
214919
214920
214921
214922
214923
214971
214972
214973
214974
214975
214976
214977
214978
21508
21509
21510
21511
21512
21513
21515
215424
215425
215426
215427
215428
215429
215436
215437
215438
215439
215440
215546
215547
215548
215549
215567
215568
215569
215570
215571
215572
215613
215614
215665
215666
215667
215668
215669
215670
215671
215672
215673
215674
215702
215703
215734
215735
215736
215737
215771
215772
215773
215774
215775
215776
215777
215811
215812
215813
215814
215943
215950
215951
215952
215953
215954
215955
216003
216004
216005
21628
216496
216497
216498
216499
216500
216501
216502
216503
216521
216524
216525
216526
216527
216619
216620
216621
216622
216623
216624
216625
216626
216640
216641
216642
216643
216644
216645
216711
216712
216713
216758
216759
216760
216761
216801
216802
216803
216804
216805
216806
216807
216861
216862
216863
21699
21700
217006
217007
217008
217009
217010
217011
217012
217013
217014
217015
21705
21712
21715
21718
21719
21722
217381
217382
217383
217384
217385
217386
217387
217388
217389
217603
217604
217605
217606
217607
217608
217609
217610
217611
217776
217777
217778
217779
217780
217781
217782
217783
217809
217810
217811
217812
217813
217814
218017
218018
218019
218020
218021
218022
218023
218024
218025
218026
218051
218052
218053
218054
218314
218315
218316
218317
218318
218319
218320
218321
218322
218323
218348
218349
218538
218539
218540
218541
218542
218543
218560
218561
218562
218563
218584
218585
218586
218587
218588
218589
218590
218591
218592
218593
218635
218636
218637
218638
218639
218640
218722
218723
218724
218725
218726
218727
218728
218729
218730
218731
218732
218733
218734
218735
218736
218785
218844
218845
218846
218847
218848
218951
218952
218953
218954
218955
218956
219020
219021
219022
219023
219024
219025
219026
219027
219028
219029
219051
219052
219053
219054
219055
219229
219230
219231
219232
219233
219234
219235
219236
219237
219251
219252
219253
219254
219255
219256
219257
21929
219317
219318
219319
21932
219320
219321
219322
21933
219348
219349
219350
219351
219352
219353
219354
219355
219356
219357
219396
219397
219398
219399
219400
219401
219402
219403
219404
219405
219438
219439
219440
219441
219442
219443
219444
219445
2195
2196
219667
219668
219669
219670
219671
219672
219744
219745
219778
219809
219810
219811
219812
219813
219814
219815
219835
219836
219837
219838
219839
219840
219841
219842
219843
219844
219974
219975
219976
2200
2201
220101
220102
220103
220104
220105
220106
220184
220185
220186
220187
220188
220189
2202
220206
220298
220299
2203
220300
2204
220461
220462
220463
220464
220465
220466
220467
220468
220484
220485
220486
220487
220488
220489
220490
220491
220492
220493
220494
220495
220496
220613
220614
220615
220616
220617
220618
220682
220683
220684
220685
220686
220687
220688
220689
220690
220691
220692
220693
220694
220695
220696
220697
220698
220699
220700
220701
220744
220759
220760
220761
220762
220763
220764
220765
220864
220865
220866
220867
220868
220943
220944
220945
220946
220947
220948
220949
220950
220957
220958
22118
221259
221260
221261
221262
221263
221264
221350
221604
221605
221606
221607
221608
221609
221610
221611
221612
221786
221787
221788
221789
221894
221895
221896
221897
221898
221899
221900
221901
221902
221951
221952
221953
221954
221955
221956
2220
222105
222234
222235
222236
222237
222513
222514
222515
222516
222517
222518
222519
222520
222521
222522
222523
222524
222525
222526
222544
222545
222546
222547
222548
222549
222550
222551
222552
222553
222554
222555
222556
222557
222558
222559
222560
222561
222562
222563
222564
222565
222566
222567
222568
222748
222749
222750
222751
222752
222753
222754
222755
222756
222757
222758
222759
222760
222761
222762
222772
222773
222774
222775
222776
222777
222778
222779
222780
222781
222842
222979
222980
222988
222989
222990
222991
222992
223083
223084
223085
223086
223087
223088
223123
223124
223125
223126
223127
223128
223168
223169
223170
223171
223172
223173
223174
223175
223236
223352
223353
223354
223355
223356
223357
223358
223359
223411
223412
223413
223414
223415
223416
223417
223418
223419
223420
223421
223422
22350
22351
223570
223571
223572
223582
223583
223584
223585
223586
223587
223588
223589
223590
223633
223634
223635
223636
223637
223922
223923
223924
223925
223926
223927
223928
223929
223930
223931
223932
223933
223934
223935
223936
223937
223958
223959
223960
223961
223995
224000
224001
224002
224003
224004
224005
224006
224007
224008
224009
224010
224011
224012
224013
224014
224015
224016
224017
224018
224019
224095
224096
224097
224234
224236
224237
224238
224239
224240
224721
224722
224723
224724
224725
224726
224970
224971
224972
224973
224974
224975
224991
225014
225015
225016
225017
225018
225019
225020
225021
225139
225140
225141
225142
225143
225144
225145
225146
225147
225165
225166
225167
225168
225169
225170
225171
225172
225173
225174
225405
225406
225407
225408
225409
22547
22553
225551
225552
225553
225554
225555
225557
225558
22560
225650
225651
225652
225653
225654
225655
225656
225657
225658
225659
225660
225661
225691
225692
225693
225694
225695
225696
225697
225698
225699
225700
225780
225781
225782
225783
225784
225785
225786
225787
225788
225872
225873
225874
225875
225876
225877
225878
225879
225880
225881
225892
225893
225894
225895
225896
225897
225898
225899
225900
225901
225960
225961
225962
225975
225976
225977
225978
225979
225980
225981
225982
225983
225984
226296
226297
226298
226299
226300
226399
226400
226401
226402
226403
226404
226405
226406
226407
226772
226843
226844
226845
226919
226920
226921
226922
226923
226924
226925
226926
226969
226970
226971
226972
226973
226974
226975
226976
226977
226978
227006
227007
227008
227009
227010
227011
227052
227053
227096
227120
227121
227122
227123
227124
227125
227126
227127
227128
227329
227433
227434
227435
227436
227437
227438
227439
227440
227441
227442
227443
227444
227563
227564
227565
227566
227567
227568
227569
227570
227589
227590
227591
227592
227593
227594
227595
227596
227597
227598
227655
227658
227659
22766
227660
227661
227662
227663
227664
227665
227666
227667
227668
227669
22769
22770
227934
228036
228037
228038
228039
228040
228041
228042
228043
228044
228045
228348
228349
228350
228351
228352
228353
228405
228406
228407
228408
228409
228410
228411
228412
228413
228414
228415
228416
228417
228418
228419
228420
228459
228460
228461
228462
228463
228464
228465
228466
228467
228574
228586
228587
228588
228589
228590
228591
228592
228593
228615
228616
228617
228618
228619
228833
228834
228835
228836
228837
228838
228839
228840
228841
228842
228962
229139
229140
229141
229142
229143
229144
229145
229146
229269
229270
229271
229272
229273
229294
229295
229296
229297
229298
229299
2293
229300
229301
229302
229339
229357
229358
22936
2294
2296
229671
229987
229988
229989
229990
229991
229992
229993
230099
230200
230201
230202
230208
230209
230263
230264
230265
230266
230359
230360
230361
230386
230413
230414
230415
230457
230607
230608
230609
230610
230611
230691
230692
230693
230694
230695
230696
230714
230715
230716
230717
230718
230719
230720
230721
230722
230723
230751
230752
230753
230754
230755
230756
230757
230758
230759
230760
230785
230786
230923
230924
230925
230926
230945
230985
230986
231046
231047
231048
231049
231050
231051
231052
231053
231054
231055
231056
231057
231058
231059
231060
231108
231109
231142
231170
231171
231172
231173
231174
231175
23125
23129
23130
231823
231824
231825
231826
231827
231828
231897
231898
231899
231900
231901
231902
231903
232010
232011
232012
232013
232014
232015
232016
232017
232018
232019
232084
232085
232086
232087
232088
232089
232090
232091
232092
232093
232094
232095
232096
232097
232098
232099
232100
232101
232102
232103
232104
232105
232106
232107
232108
232109
232110
232111
232112
232113
232114
232115
232129
232130
232131
232132
232133
232134
232135
232136
232161
232162
232163
232164
232165
232166
232167
232168
232169
232170
232171
232354
232400
232401
232402
232403
232404
232405
232406
232409
232410
232411
232412
232413
232414
232415
232416
232417
232418
232554
232555
232556
232557
232558
232559
232560
232561
232562
232588
232589
232590
232591
232592
232593
232600
232601
232602
232908
232909
232910
232911
232912
232913
232999
233127
233128
233129
233130
233131
233132
233150
233332
233333
233334
233335
233336
233337
233338
233339
233340
233341
233342
233343
233344
233345
233346
233347
233419
233491
233492
233493
233494
233495
233496
233497
233498
233612
233613
233614
233615
233616
233617
233618
233619
233620
233621
2337
233705
233706
233707
233708
233709
233710
233711
233712
233713
233734
233735
233736
233737
233738
233739
233857
233858
233913
233914
233915
233916
233917
233918
233919
233920
233921
233922
234091
234092
234093
234094
234241
234242
234243
234244
234245
234246
234247
234248
234473
234474
234475
234476
234477
234478
234479
234480
234624
234858
234859
234989
234990
234991
234992
234993
234994
234995
234996
234997
235103
235104
235105
235106
235107
235108
235132
235133
235134
235135
235136
235137
235138
235139
235140
235152
235153
235154
235155
235156
235320
235321
235322
235323
235324
235325
235348
235349
235350
235351
235352
235353
235577
235578
235579
235580
235581
235582
235583
235719
235720
235721
235722
235723
235724
235750
235751
235752
235753
235775
235776
235777
235778
235779
235780
235781
235782
235783
235784
235785
235786
23586
236006
236007
236008
236009
236010
236011
236012
236013
236014
236015
236016
236017
236137
236138
236139
236140
236141
236142
236143
236144
236145
236146
236147
236148
236197
236198
236199
236200
236201
236202
236203
236204
236205
236206
236220
236221
236313
236314
236315
236316
236317
236318
236387
236388
236389
236390
236391
236392
236393
236394
236395
236396
236397
236398
236437
236438
236439
236440
236441
236442
236443
236444
236445
236446
236447
236448
236658
236736
236737
236738
236739
236740
236741
236932
236933
236934
236935
236936
236937
236938
236939
236940
236941
236942
236943
236944
237116
237117
237118
237119
237120
237121
237122
237123
237124
237130
237131
237132
237133
237212
237213
237214
237215
237216
237217
237218
237304
237334
237335
237336
237337
237338
237339
237340
237341
237342
237343
237387
237388
237427
237428
237429
237430
237431
237432
237433
237434
237435
237436
237437
237438
2375
237552
237553
237554
237555
237556
237557
237598
237599
237600
237601
237602
237603
237604
237605
237606
237607
237612
237624
237625
237626
237627
237628
237629
237630
237631
237632
237633
237787
237831
237832
237833
237834
237835
237836
237985
237986
237987
237988
237989
237990
237991
237992
237993
237994
237995
238215
238216
238217
238218
238269
238270
238271
238272
238324
238325
238326
238327
238328
238329
23837
23838
23840
23845
23847
23848
23850
238511
238512
238513
238514
238515
238516
238554
238555
238556
238557
238558
238559
238561
238562
238563
238564
238565
238566
238567
238568
238569
238603
238604
238605
238673
238674
238675
238676
238677
238678
238679
238694
238695
238696
238697
238698
238699
238700
238701
238829
238830
238831
238832
238833
238834
238835
238836
238837
238838
238839
238840
239053
239054
239055
239056
239057
239058
239059
239520
239521
23974
23975
23976
23977
239911
239912
240176
240177
240178
240179
240180
240181
240195
240196
240197
240198
240199
240200
240473
240476
240477
240478
240479
240480
240481
240518
240519
240520
240521
240522
240523
240695
240696
240697
240698
240699
240700
240701
240702
240703
240704
240705
240706
240707
240708
240709
240710
240711
240712
240713
240714
240719
240720
240721
240722
240856
240857
240858
240859
240860
240861
240862
240985
240986
240987
240988
240989
240990
240991
240992
240993
240994
240995
240996
241022
241023
241024
241025
241342
241343
241344
241345
241346
241347
241348
241651
241652
241653
241765
241766
241767
241768
241769
241770
241811
241812
241813
241814
241815
241816
241817
241818
241819
241820
241827
241828
241829
241830
241831
241832
241833
241955
241979
241980
241981
242016
242017
242018
242019
242020
242021
242022
242023
242024
242025
242026
242027
242028
242029
242366
242367
242368
242369
242370
242371
242372
242373
242374
242375
242376
242722
242723
242724
242725
242726
242727
242728
242729
242730
242731
242732
242733
24277
24278
24280
24282
242830
242831
242832
242833
242834
242835
242836
242837
242838
242839
242840
242841
242842
242843
242844
242845
242846
242847
242848
242849
242850
242851
242852
242853
24299
24300
24301
243054
243055
243056
243057
243058
243059
243070
243071
243072
243073
243074
243075
243076
243077
243165
243166
243167
243168
243169
243170
243171
243172
243173
243174
243175
243176
243177
243178
243179
243180
243181
243182
243183
243296
243365
243366
243367
243368
243369
243370
243371
243372
243373
243374
243375
243425
243426
243427
243428
243429
243430
243431
243432
243589
243590
243591
243592
243593
243594
243595
243596
243597
243598
243599
243600
243734
243735
243736
243737
243738
243739
243943
243944
243945
243946
243947
243948
243949
243950
244028
244071
244336
244337
244338
244339
244340
244341
244342
244343
244344
244345
24459
244625
244626
244627
244628
244629
24463
244630
244631
244632
244633
244634
24466
244696
244721
244722
244723
244724
244725
244726
244727
244768
244769
244770
244771
244772
244773
244774
244905
244906
244907
244908
244909
244910
245010
245011
245012
245013
245014
245015
245290
245291
245292
245293
245294
245295
245340
245341
245342
245343
245344
245345
245346
245347
245477
245734
245735
245736
245737
245738
245739
245921
245922
245923
245924
245925
245926
245927
245928
245929
245999
246000
246001
246002
246003
246004
246013
246014
246015
246016
246017
246018
246019
246020
246021
246022
246023
246024
246025
246026
246027
246376
246377
246378
246379
246380
246381
246404
246405
246406
246407
246408
246409
246434
246485
246486
246487
246488
246489
246490
24650
246677
246678
246679
246833
246834
246835
246836
246837
246838
246839
246840
246841
246842
246843
246844
24705
24706
24707
24709
247160
247161
247162
247163
247164
247165
247217
247218
247219
247220
247221
247222
247388
247389
247390
247391
247392
247393
247394
247482
247483
247484
247485
247486
247487
247488
247489
247490
247491
247493
247494
247495
247496
247497
247498
247499
247500
247501
247662
247663
247664
247665
247666
247667
247668
247669
247670
247671
247672
247673
247802
247803
247804
247805
247806
247807
247843
247844
248153
248154
248155
248156
248157
248158
248212
248213
248214
248215
248216
248217
248488
248489
248490
248827
248945
248946
248947
248948
248949
248950
249054
249055
249056
249057
249058
249122
249136
249137
249138
249139
249140
249141
24924
24925
24926
24927
24928
249595
249596
249597
249598
249599
249629
249630
249631
249632
249633
249634
249635
249636
249637
249645
249646
249647
249648
24990
25014
250267
250268
250269
250270
250271
250272
250273
250274
25028
250371
250372
250373
250374
250477
250621
250622
250623
250624
250625
250626
250643
250644
250645
250646
250647
250648
250649
250650
250651
250652
250653
250654
250697
250698
250699
250700
250701
250702
250813
250814
250815
250816
250817
250818
25084
251045
251046
251047
251048
251049
251050
251383
251384
251385
251386
251387
251388
251389
251390
251515
251516
251517
251518
251519
251520
251521
251543
251544
251545
251546
251547
251548
2516
251680
251681
251682
251683
251684
251685
251720
251721
251722
251723
251724
251725
251726
251940
251941
251942
251943
251944
251945
252037
252038
252039
252040
252041
252042
252125
252126
252127
252128
252129
252130
252131
252132
252444
252479
252480
252481
252482
252483
252484
252485
252486
252528
252540
252579
252580
252581
252582
252583
252584
252585
252586
252654
252655
252656
25311
253204
253205
253206
253207
253208
253209
253210
253211
253212
253213
253214
253215
253304
253305
253306
253307
253308
253309
253335
253336
253337
253338
253339
253340
253361
253362
253363
253364
253365
253366
253367
253368
253436
253437
253438
253439
253456
253457
25373
253796
253797
253798
253799
253800
253801
253802
253803
253804
253805
253806
253807
25395
25396
25400
25405
25406
25411
25412
254226
254227
254228
254229
254230
254231
254232
254243
254244
254245
254364
254365
254366
254367
254423
254424
254425
254426
254427
254428
254487
254488
254489
254490
254491
254492
254519
254719
254720
254721
254722
254723
254724
254725
254726
25476
25480
25482
25484
25485
25486
25487
25488
25489
25499
254995
254996
254997
254998
254999
255000
255246
255247
255248
255333
255334
255335
255336
255337
255338
255339
255340
255420
255421
255422
255432
255433
255434
255435
255436
255530
255531
255532
255533
255534
255535
255536
255537
255538
255539
255648
255649
255650
255651
255652
255653
255654
255655
255704
25573
25574
25575
255894
255895
255896
255897
255898
255899
255900
255901
255902
255909
255910
255911
255912
255913
255914
255915
255916
25597
256067
256068
256069
256070
256071
256072
256073
256074
256075
256076
256077
256078
256079
256144
256145
256146
256147
256175
25618
25658
25659
25660
256687
256688
256689
256690
256691
256692
256693
256694
256695
256696
256697
256698
256699
256700
256701
256702
256703
256704
256705
256706
256707
256708
256709
256734
25678
256819
256820
256821
256822
256823
256824
256926
256927
256928
256929
25697
25698
25699
25700
25704
25708
25709
257241
257242
257243
257244
257245
257246
257247
257416
257417
257418
257419
257420
257421
257422
257423
257659
257660
257661
257662
257663
257664
257678
257679
257680
257681
257682
257683
257684
257685
257686
257687
257688
257718
257719
257720
257721
257722
257723
257766
257767
25780
25782
257843
257844
257845
257846
257847
257848
258449
258450
258451
258452
258453
258454
258455
25855
258581
25872
25880
258909
258910
258911
258912
258913
258914
258997
258998
258999
259000
259001
259002
259011
259012
259013
259014
259015
259016
259017
259018
259019
259020
259205
259206
259207
259208
259209
259210
259211
259212
259285
259309
259310
259311
259312
259313
259314
259315
259316
259317
259318
259333
259334
259335
259336
259337
259338
259339
259340
259341
259342
259343
259359
259360
259361
259362
259363
259364
259365
259366
259367
259368
259523
259524
259525
259526
259527
259528
259529
259530
259531
259532
259685
259698
25984
259861
259862
259863
259864
259865
259866
259867
259868
259869
259870
259927
259928
259929
259930
259931
259932
25995
25996
25997
259978
259979
25998
259980
259981
259982
259983
260126
260127
260128
260312
260313
260314
260315
260316
260317
260318
260319
260320
26036
260797
260798
260799
26080
260800
260801
260802
260946
260947
260948
261008
261057
26109
26110
261402
261403
261404
261405
261406
261407
261408
261409
261476
261477
261478
261479
261480
261481
261482
261483
261518
261519
261520
261521
261522
261523
261524
261615
261616
261617
261618
261619
261620
261621
261622
261623
261624
261715
261716
262003
262004
262005
262006
262007
262008
262009
262010
262073
262074
262075
262076
262077
262078
262079
262080
262081
262082
262083
262084
26225
262252
262253
262254
262255
262256
262257
262258
262259
262260
262261
26227
262279
26239
26240
26241
26242
262595
262843
262844
262845
262846
262847
262848
262849
262850
26286
263189
263190
263191
263192
263193
263194
263217
263218
263286
263287
263288
263289
263290
263291
263516
263517
263518
263519
263520
263521
263522
263584
263585
263586
263587
263588
263589
263976
264004
264005
264006
26424
26425
26426
26429
26431
26450
264537
264538
264539
264540
264541
264542
264912
264913
264914
264915
264916
264917
264969
264970
264971
264972
264973
264974
264975
264976
265203
265204
265205
265206
265207
265208
265209
265210
265211
265212
265213
265214
265215
265216
265217
265218
265219
265220
26534
265415
265416
265417
265477
265478
265479
265480
265481
265482
26551
265574
265575
265576
265577
265578
265579
265580
265590
265591
265592
265593
265594
265595
265785
265786
265787
265788
265789
265790
265791
265792
265813
265814
265815
265816
265817
265818
265827
265828
265829
265830
265831
265832
265833
265856
265857
265858
265859
265860
265861
265862
265863
265864
265865
265932
265933
265934
265935
265936
265937
265947
265948
265949
265950
265951
265952
265953
265954
265955
265956
265957
265958
266098
266099
266100
266101
266102
266103
266104
266105
266106
266107
266108
266109
266137
266138
266139
266181
266207
266208
266209
266210
266211
266212
266213
266214
266215
266216
266217
266218
266219
266220
266221
266222
266223
266224
266225
266251
266252
266253
266254
266255
266256
266257
266258
266362
266363
266690
266691
266692
266693
266694
2667
266873
266874
266875
266876
266877
266878
266879
266880
266881
266882
266883
266884
266885
266886
267522
267523
267524
267525
267526
267527
267544
267545
267546
267547
267643
267667
267668
267669
267670
267671
267672
267694
267695
267696
267697
267698
267699
267700
267701
267702
267703
267704
267705
267706
267707
267708
267709
267800
267801
267802
267803
268205
268206
268207
268208
268209
268210
268211
268212
268213
268214
268291
268292
26831
268461
268462
268463
268464
268465
268466
268467
26847
268476
268477
268478
268479
268480
268481
268482
268483
268484
268523
268524
268525
268526
268527
268528
268628
268629
268630
268631
268632
268633
268634
268635
2687
268727
268728
268729
268730
268731
268732
268763
268764
268765
268766
268767
268897
268898
268899
268900
268901
268902
268903
268904
268905
268906
268907
268908
26897
268992
26901
269096
269097
269098
269099
269100
269101
26916
26917
269202
269203
269204
269205
269206
269207
269208
269209
269210
269211
26944
269538
269556
269632
269633
269634
269635
269636
269637
269638
269639
269680
269681
269682
269683
269684
269685
269686
269687
269688
269689
269842
269843
269844
269845
269846
269847
269848
269849
269850
269851
269852
269853
269854
269855
269856
269857
269858
269859
26986
269860
269861
269862
269863
269864
269865
269866
269943
269944
269945
269946
269947
269948
269949
269950
269951
269974
269975
269976
269977
269978
269979
269980
269981
269982
269983
269984
269985
270243
270244
270245
270246
270247
270248
270249
270250
270251
270307
270308
270309
270310
270311
270312
270313
270314
270366
270367
270368
270369
270370
270371
270372
270373
270579
270580
270581
270582
270583
270584
270624
270744
270745
270746
270747
270748
270749
270800
270801
270802
270803
270804
270805
27084
271019
271020
271021
271022
271023
271024
271100
271101
271102
271103
271104
271105
271106
271107
271108
271117
271118
271119
271120
271121
271122
271123
271124
271125
271126
271127
271128
271148
271149
271150
271151
271152
271153
271154
271155
271156
271157
271158
271563
271564
271565
271566
271567
271568
271569
271570
27161
27162
271626
271627
271628
271629
271630
271631
27168
271854
271855
271856
271857
271858
271859
271860
271861
271862
271863
271864
271865
271881
271882
271883
271884
271885
271886
271887
271888
271889
272156
272157
272158
272159
272160
272161
272169
272170
272171
272172
272173
272174
272175
272176
272367
272368
272369
272370
272371
272372
272373
272374
272375
272376
272377
272378
272384
272385
272465
272466
272467
272468
272469
272470
27256
27261
272619
27262
272620
272621
272622
272623
272624
272625
272626
272627
272628
27263
27264
27265
272672
272673
272674
272675
272676
272677
272678
272679
272680
272681
272682
272683
272852
272853
272854
272855
272856
272857
27287
27288
272980
272981
272982
272983
272984
272985
273048
273049
273050
273051
273143
273144
273145
273146
273147
273148
273149
273150
273151
273172
273173
273174
273175
273176
273177
273535
273536
273537
273538
273539
273540
273541
273542
273543
273544
273681
273682
273683
273684
273685
273686
273819
273820
273821
273822
273823
273824
273825
273826
273827
273828
273829
273830
273831
273832
273833
273834
273835
273836
273837
273838
273839
273840
273841
273842
273926
273927
273928
273929
273930
273931
273995
274007
274008
274009
274010
274011
274012
274013
274014
274015
274016
274122
274123
274124
274125
274126
274127
274208
274209
274210
274211
274237
27458
27459
274662
274663
274664
274665
274666
274667
274668
274669
274927
274928
274929
274930
274931
274932
274933
274934
274935
274936
275332
275333
275334
275335
275336
275337
275338
275339
275340
275341
275342
27549
27552
27553
27554
27557
275593
275594
275595
275596
275597
275598
275599
275600
275601
275648
275649
275650
275651
275652
275653
275716
275717
275718
275719
275720
275721
275722
275723
275724
275725
275726
275727
275728
275729
275730
275731
27583
27589
27590
275962
275963
275964
275965
275980
275981
275982
275983
275984
275985
276029
276030
276031
276032
276033
276034
27646
276481
276482
276483
276484
276485
276486
276487
276692
276726
276727
276728
276729
276730
276731
276732
276733
276734
276735
27674
277444
277445
277446
277447
277448
277449
277541
27755
27758
27789
27790
27791
27792
27793
27794
27795
27796
27797
27798
277985
277986
277987
277988
277989
277990
277991
277992
277993
277994
277995
277996
27800
27801
27802
27808
278404
278405
278406
278407
278408
278409
278410
278411
278412
278413
278414
278440
278441
278442
278443
278444
278445
278446
278447
278448
278449
278450
278451
278452
278453
278454
278455
278456
278520
278521
278522
278617
278618
278619
278648
278649
278650
278651
278652
278653
278654
278655
278656
278657
278658
278659
278660
278661
278662
278663
278664
278665
278666
278667
278668
27888
27889
27890
27891
278968
278969
278970
278971
278972
278973
278974
278975
278976
278977
278978
27921
27922
279343
279344
279345
279346
279347
279414
279415
279416
279417
279418
279419
279420
279421
279428
279429
279430
279431
279541
279542
279543
279544
279545
279546
279547
279548
279549
279550
279551
279552
279553
27965
279654
279655
279656
279763
279764
279765
279766
279770
279771
279772
279773
279774
279775
279776
279777
279778
279826
279827
279828
27998
28005
28020
280341
280342
280343
280344
280345
280346
280347
280348
280349
280350
280472
280473
280754
280755
280756
280757
280758
280759
280760
280803
280804
280805
280806
280807
280808
280809
28081
280810
280811
280812
280813
280814
280972
280973
280974
280975
280976
280977
280978
280979
280980
280981
280982
280983
280984
280985
280986
281100
281101
2812
281357
281358
281359
281360
28198
282197
282198
282199
282200
282201
282202
282253
282254
282285
282286
282287
282288
282289
282290
282291
282426
282427
282428
282429
282430
282431
282432
28254
282628
282629
282630
282631
282632
282633
282759
282760
282761
282762
282763
282764
282765
282782
282783
283132
283133
283134
283135
283136
283137
283138
283139
283140
283141
283146
283147
283148
283149
283207
283208
283209
283210
283211
283212
283356
283357
283358
283359
283360
283361
28337
283427
283428
283429
283430
283431
283432
283525
283526
283527
283528
283529
283530
283531
283532
283533
283550
283551
283552
283553
283628
283629
283630
283732
28377
28378
28379
28380
283869
283870
283871
283872
283873
283874
283875
283876
284038
284039
284040
284041
284042
284043
284180
284181
284182
284183
284184
284185
284186
284364
284365
284366
284367
284368
284369
284668
284676
284677
284678
284679
284680
284681
284950
284951
284952
284953
284954
284955
284956
285023
285024
285025
285026
285027
285028
285029
285030
285031
285032
285041
285224
285225
285226
28545
285495
285672
285673
28585
285943
285944
285945
285946
285947
285948
285972
285973
285974
285975
285976
285977
285978
285979
285980
285981
286004
286005
286006
286370
286371
286372
286373
286374
286375
286442
286443
286616
286617
286618
286619
286620
286621
286630
286742
286743
286744
286745
286746
286747
286917
286918
286919
286920
286921
286922
287057
287058
287059
287060
287061
287062
287063
287064
287065
287066
287067
287068
287069
287070
287071
287072
287073
287074
287075
287076
287077
28708
28709
287150
287151
287152
287153
287154
287155
287200
287201
287202
287203
287428
287429
287430
287431
287432
287433
287434
287435
287445
287446
287447
287448
287449
287450
287451
287452
287453
287454
287455
287456
287457
287508
287576
287577
287578
287579
287580
287581
287665
287666
287667
287668
287669
287670
287671
287672
28769
287696
287697
287698
287699
28770
287700
287701
287702
287703
287704
287705
287706
287707
287708
287715
287906
287907
287908
287909
287910
287911
287995
287996
287997
287998
287999
288000
288001
288069
288070
288071
288072
288073
288074
288075
288076
288314
288315
288316
288317
288318
288319
288320
288321
288322
288323
288324
288325
288326
288327
288328
288329
288394
288395
288396
288397
288398
288399
288400
288401
288402
288403
288404
288405
288546
288547
288548
288549
288550
288551
288552
288553
288554
288555
288556
288557
288558
288559
288560
288561
288708
288709
288710
288711
288712
288713
289022
289023
289024
289025
289026
289027
289028
289029
28909
289150
289151
289249
289250
289251
289252
289253
289254
289255
28938
289554
289555
289556
289557
289558
289559
289560
289561
289562
289733
289734
289735
289736
289737
289738
28974
28975
28976
289809
289810
289811
289812
289813
289814
289846
289847
289957
289958
289959
289960
289961
289962
28998
290062
290063
290064
290065
290066
290067
290313
290314
290315
290316
290317
290318
290319
290320
290321
290322
290323
290355
290356
290357
290358
290359
290360
290386
290387
290388
290389
290390
290391
290392
290393
290394
290405
290406
290407
290408
290409
290410
290411
290412
290413
290499
29065
29067
29071
290805
290806
290807
290808
290809
290810
290811
290812
290813
290814
290815
29089
291187
291194
291195
291196
291197
291198
291199
291200
291201
291281
291282
2914
291431
291432
291433
2915
2916
291657
291658
291659
291660
291661
291662
291663
291698
291699
291700
291701
291702
291703
291704
291705
291838
291839
291840
291841
291842
291843
291993
291994
291995
291996
291997
291998
291999
292000
29202
292112
292113
292114
292115
292116
292117
292118
292119
292120
292371
292372
292373
292374
292375
292376
292377
292523
292551
292552
292553
292554
292555
292556
292557
292558
292559
292594
292595
292596
292597
292598
292599
2926
292600
292601
29261
292673
292674
292675
292676
292677
292678
292679
292680
292681
292682
292683
2927
292847
292848
292849
292850
292851
292852
292853
293133
293134
293135
293136
293137
293138
293139
293140
293230
293231
293232
293233
293397
293398
293399
2934
293400
293401
293402
293403
293404
293405
293418
293419
293420
293421
293422
293423
293424
293452
293453
293454
293455
293456
2938
293868
293869
293870
293871
293872
293873
293949
293950
2940
29411
29412
29414
29416
29417
294184
294185
294186
294187
294188
294235
294236
294237
294238
294278
294279
294280
294281
294282
294283
294284
294285
294298
294327
294328
294329
294330
294331
294362
294363
294364
294365
294366
294367
294368
294369
294370
294371
294442
294443
294444
294445
294446
294447
294448
294449
294450
294451
294509
294568
294569
294570
294571
294572
294573
294584
294585
294586
294587
294588
294589
294590
294591
294592
294593
294594
294595
294596
294597
294598
294599
294600
294601
294602
294603
294717
294718
294719
294720
294721
294722
294828
294829
294830
294860
294905
294906
294907
294908
294909
294910
294911
294912
294913
294927
294928
294929
294930
294931
294932
294933
294934
294935
294936
294937
294938
294939
294940
295079
295080
295081
295082
295083
295084
295096
295097
295098
295099
295100
295101
295102
295103
295104
295105
295106
295107
295108
295109
295110
295111
295112
295113
295114
295205
295206
295207
295208
295350
295351
295352
295353
295354
295355
295356
295357
295358
295359
295360
295361
295362
295363
295364
295365
295366
295367
295368
295369
295370
295371
295372
295373
295785
295928
295929
295930
295931
295932
295933
295934
295935
295936
295937
295938
295939
296179
296183
296184
296254
296255
296256
296257
296258
296259
296260
296261
296262
296263
296424
296425
296426
296427
296428
296429
296473
296474
296475
296476
296477
296478
296479
296480
296592
296593
296594
296595
296596
296597
296598
296599
296600
296601
296604
296845
296846
296847
296848
296849
296850
296949
296950
296951
296952
296953
296954
296956
296957
296958
296959
296960
296961
296962
296963
296964
296965
296972
297056
297057
297058
297059
29706
297060
297061
297062
297063
297064
297065
297066
297067
297068
297069
297070
297276
297277
297278
297279
297280
297281
297435
297436
297437
297438
297439
297440
297441
297442
2975
297564
297565
297566
297567
297568
297569
297570
297571
297582
297583
297584
297585
2976
297684
297685
297686
297687
297688
2977
297811
297812
297813
297814
297815
297816
297817
297818
297859
297860
297861
297862
297863
297864
2979
297975
297976
297977
297978
297979
297980
297981
297982
2980
2981
298195
298196
298197
298198
298199
2982
298200
298293
298294
298295
298296
298317
298318
298319
298320
298321
298322
298323
298324
298366
298367
298368
298369
298370
298371
298595
298596
298597
298598
298599
298600
29868
29872
29873
29874
29877
298816
298817
298818
298819
298820
298821
298868
298869
298870
298871
298872
298873
29893
29896
29912
29913
29914
29915
29916
29917
29920
29921
29922
29923
29925
299312
299602
299603
299604
299643
299644
299645
299646
299647
299648
299649
299650
299651
299652
299653
299654
299655
299656
299668
299669
299670
299671
299672
299673
299674
299675
299676
299677
299710
299711
299712
299713
299714
299715
299716
299717
299718
299719
299755
299756
299757
299758
299759
299760
300063
300064
300065
300066
300067
300068
300234
300235
300264
300265
300266
300267
300268
300269
300270
300482
300483
300484
300485
300486
300487
30054
300551
300552
300553
300554
300555
300556
300557
30057
30058
30059
30060
3007
300822
300823
300824
300825
300826
300827
300880
300881
300882
300883
300884
300885
300886
300887
30107
30109
30110
301124
301125
301126
301127
301128
301129
3012
301365
301501
301502
301503
301504
301505
301506
301533
301534
301535
301536
301537
301736
301820
30196
301967
301968
301969
301970
301971
301972
301973
301974
30198
301985
301986
301987
301988
301989
301990
302006
302007
302008
302009
30201
302010
302011
30203
302037
302038
302039
302040
302041
302042
302043
302044
302045
302083
302084
302327
302328
302329
302330
302331
302332
302420
302421
302422
302423
302424
302425
302473
302474
302475
302476
302477
302478
302563
302564
302565
302566
302567
302568
302569
302570
302571
302676
302677
302678
302679
302680
302681
303006
303007
303008
303009
303170
303171
303172
303173
303174
303175
303176
303657
303658
303659
303660
303661
303662
304015
304016
304017
304018
304019
304020
304021
304022
304023
304024
304025
304026
304027
304325
304326
304327
304328
304329
304330
304396
304581
304582
304583
304584
304585
304586
304632
304633
304634
304635
304636
304637
304638
304639
304750
304751
304752
304753
304754
304755
304876
304877
304878
304879
304880
304881
304882
304883
3049
304946
304947
304948
304949
304950
304951
304952
304953
304985
304986
304987
304988
304989
304990
304991
304992
304993
304994
305252
305253
305254
305255
305256
305257
305258
305259
305260
305435
305492
305493
305494
305495
305496
305497
305498
305499
30551
30552
30553
305632
305805
305806
305857
305858
30625
30627
30629
30630
306403
30645
30647
30648
306483
30649
30650
306575
306576
306577
306578
306579
306580
306887
306888
306889
306890
306891
306892
306905
307019
307577
307578
307579
307580
307581
307582
307583
307584
307585
307586
307593
307594
307595
307596
307597
307598
307690
307928
307929
307931
307932
307933
307934
307935
307936
307937
307938
308004
308005
308006
308007
308008
308009
308040
308041
308042
308043
308044
308045
308129
308130
308131
308132
308133
308134
308135
308136
308302
308303
308304
308305
308306
308307
308308
308309
308319
308509
308510
308511
308512
308513
308514
308515
308516
308529
30857
30861
308611
308612
308613
308614
308615
308616
308617
308618
30863
30864
30866
30869
308751
308752
308753
308754
308755
308756
308757
308758
308780
308781
308782
308783
308784
308785
308842
308890
308891
308892
308893
30946
30947
30948
309560
309561
309562
309563
309564
309565
309566
309567
309568
309569
309570
309571
309572
309573
309574
309575
309576
309577
309578
309579
309580
309581
309582
309583
309584
309585
309586
309587
309588
309589
309590
309643
309644
309645
309646
309647
309648
309649
309669
309670
309671
309672
309673
309674
309685
309686
309687
309688
309689
309690
309691
309692
309693
310035
310036
310037
310038
310039
310040
310041
310055
310075
310104
310105
310106
310107
310108
310109
310610
310611
310612
310613
310614
310615
310815
310816
310817
310818
310819
310820
311053
311081
311082
311083
311084
311085
311086
311087
311088
311095
311096
311097
311098
311099
311100
311101
311102
311103
311104
311105
311106
311154
311155
311156
311157
311158
311159
311160
311161
311236
311237
311238
311239
311777
311778
311779
311780
311781
311782
311783
311784
311905
311906
311907
311908
311909
311910
311932
311933
311934
311935
311936
311937
311938
311991
311992
311993
311994
311995
311996
311997
311998
31202
31204
31206
312271
312272
312273
312274
312275
312276
312277
312278
312543
312544
312545
312546
312547
312548
312549
312550
312551
312552
312553
312554
312633
312634
312635
312636
312637
312638
312980
312981
312982
312983
312984
312985
312986
312987
312988
312996
312997
313205
313293
313294
313295
313296
313297
313298
313309
313310
313311
313312
313313
313314
313315
313421
313422
313423
313424
313425
313426
313427
313428
313446
313447
313448
313449
31345
313450
313451
31347
31350
31356
313920
313921
313922
313923
313924
313925
313926
313927
313928
313929
313930
31401
314137
314365
314366
314367
314368
314369
314370
314430
314431
314432
314433
314434
314435
314509
31463
314687
314688
314689
314690
314691
314692
314754
314755
314912
314913
314914
314915
314916
314917
314937
314938
314939
314940
314941
314942
314943
314944
315149
315150
315151
315152
315153
315154
31518
315362
315363
315364
315365
315438
315439
315440
315441
315442
315443
315444
315445
315446
315447
315448
315915
315916
315917
315918
315919
315920
315921
315922
315923
315945
315946
315947
315948
315949
315950
315951
315952
31624
31626
316324
316325
316326
316327
316328
316329
316330
316331
316332
316333
316405
316406
316601
316602
316603
316604
31702
317127
317128
317129
317130
317131
317132
317133
317134
317135
317136
317137
317138
317139
317140
317141
317142
317143
317144
317145
317146
317147
317192
317193
317194
317195
317196
317197
317377
317378
317379
317380
317381
317382
317383
317384
317762
31785
31786
318047
318048
318049
318050
318137
318138
318139
318140
318141
318142
318190
318499
318500
318501
318502
318503
318504
318505
318506
318624
318625
318626
318627
318628
318629
318743
318865
318866
318867
318868
318869
318870
318898
318899
318900
318901
318903
319055
319056
319057
319058
319059
319060
319103
319104
319105
319106
319107
319108
319109
319110
319142
319143
319144
319145
319146
319147
319148
319149
319262
319263
319264
319312
319569
319570
319571
319572
319573
319574
319589
319590
319598
319599
319600
319601
319602
319603
319604
319646
319753
319754
319755
319756
319757
319758
320073
320074
320075
320076
320077
320078
320079
320402
320403
320404
320405
320406
320407
320408
320409
320410
320411
32044
320507
320508
320509
320510
320511
320512
320583
320584
320585
320586
320587
320588
320700
320701
320702
320703
320704
320705
320706
320707
320708
320709
320798
320799
320800
320801
320802
320803
320804
321302
321303
321304
321305
321306
321307
321308
321345
321346
321347
321348
321349
321350
321527
321528
321529
321530
321531
321532
321533
321534
321605
321606
321607
321608
321609
321610
321644
321645
321646
321647
321648
321649
321650
321651
321652
321653
32168
32169
321924
321925
321926
321927
321952
321953
321954
321955
321956
321957
321958
321959
322285
322286
322287
322288
322289
322290
322291
322292
322293
322294
322421
322422
322423
322424
322425
322426
322427
322428
322429
322430
322431
322432
322433
322434
322435
322527
322599
322600
322601
322602
322603
322604
322611
322612
322752
322753
322754
322755
322756
322757
322855
322856
322857
322858
322859
322860
3229
3230
32310
32311
323119
323120
323121
323122
323123
323124
323125
323126
323127
323324
323337
323338
323339
323340
323341
323342
32338
323440
32346
323942
323943
323944
323945
323946
323947
323948
323949
323950
323951
324087
324088
324089
324090
324091
324092
324093
324094
324095
324096
32415
324150
324151
324152
324153
324154
324155
324156
324157
32416
32417
324173
324174
324175
324176
324177
324178
324179
32418
324180
324181
324182
32419
324235
324236
324237
324238
324239
324240
324470
324471
324472
324473
324474
324475
324476
324477
324478
324643
324644
324645
324650
324651
324652
324653
324654
324785
324820
324821
324822
324823
325351
32551
32553
325650
325651
325652
32574
325746
325747
325748
325749
325750
325751
325752
325753
325754
325765
325766
325767
325768
325769
32577
325770
325972
325973
325974
325975
325976
325977
325978
325979
325980
325981
326019
326020
326021
326022
326023
326024
326026
326027
326028
326029
326030
326031
326124
326125
326149
326260
326261
326262
326263
326264
326265
32627
326539
326540
326541
326551
326552
326553
326554
326555
326556
326557
326558
326559
326560
326609
326610
326611
326612
326613
326614
326615
326616
32675
32678
326793
326794
326795
326796
326797
326798
326799
326800
32686
32687
327206
327207
327208
327209
327210
327211
327212
327213
327214
32751
32752
327696
327697
327698
327699
327700
327701
327743
327744
327745
327746
327747
327850
327851
327852
327853
327854
327855
328001
328002
328003
328004
328005
328006
328007
328008
328009
328010
328023
328024
328025
328026
328027
328028
328029
328030
328031
328032
328033
328034
328035
328036
328042
328043
328044
328045
328046
328047
328215
328216
328217
328218
328219
328220
328221
328222
328223
328224
328262
328263
328264
328265
328280
328281
328282
328283
328284
328285
328286
328287
32894
32931
32932
32934
32937
32938
33021
33023
33073
33139
33142
33144
33146
33149
33152
33164
33188
33191
33216
33217
33218
33220
33221
33237
33238
33240
33241
3332
33430
33435
33436
33437
33449
33492
33497
33734
33735
33751
33753
33755
33756
33814
33824
33829
3383
33835
33898
33982
33985
33987
33988
33990
33991
33992
34029
34240
34241
34242
34243
34265
34266
34267
34269
34270
34285
3431
3432
34321
3433
3435
3436
3438
3439
34416
34462
34488
3449
346
34766
3477
34801
34813
34814
34892
34916
34927
3499
3500
35053
3506
35065
35092
35126
35127
35128
35129
35130
35132
35165
35166
35168
35317
35320
35321
35323
35352
35353
35391
35392
35393
35394
35395
35396
35443
35444
35500
35505
35507
35590
35591
3572
35752
35753
35754
35794
35795
35796
35797
35798
35799
35811
35812
35813
35814
35986
35987
36090
36100
36101
36109
36110
36155
36257
3630
36396
36398
36399
36400
36401
36402
36403
36404
36405
36409
365
36520
36521
36522
36523
36524
3654
36721
36777
36824
36834
36836
3689
3690
36904
3691
36910
36915
3692
3693
37007
37046
37050
37058
37145
37146
37171
37172
37173
37174
37175
37176
37177
37178
37179
37250
37326
37374
37687
37694
37700
3774
37804
37850
37872
37885
3794
3799
37999
38000
3801
3803
38057
38059
38060
38061
38062
38178
38181
38183
38184
38186
38187
38203
38226
38234
38238
38239
38240
38241
38289
38290
38291
38292
38302
38303
38304
38305
38306
38341
38344
38346
38541
38543
38557
38558
38568
38580
38584
38585
38586
38587
38588
38589
38617
38631
38632
38633
38691
38695
38699
38702
38704
38707
38710
38771
38773
38777
38817
38822
38823
38831
38832
3888
3889
3890
3892
38995
38998
39001
39004
39007
3906
39098
39099
39108
39144
39169
39178
39179
39182
39233
39242
39253
39450
39451
39452
3949
3950
39517
3952
3953
39560
39561
39564
39565
39566
39567
39568
39630
39653
39655
39672
39744
39769
39780
39781
39832
40053
40106
40107
40108
40109
40110
40172
40223
40224
4024
40351
4054
40574
40799
40879
40894
40895
40956
4099
4101
4106
41171
41356
4144
41766
41768
41770
41921
41971
41972
41973
41974
41975
41976
41977
41978
41980
41987
42123
42124
42125
42126
42127
42128
42129
42130
42131
42132
42133
42134
42135
42136
42137
42138
42139
42140
42141
42142
42160
42161
42162
42163
42164
42207
42228
42229
42230
42240
4226
4227
4229
4230
42307
4231
4232
4233
42438
42485
42527
42528
42530
42531
42537
42538
42551
42552
42553
42554
42556
42557
42558
42559
42561
42562
42563
42564
42565
42573
42621
42658
42681
42682
42701
42714
42715
4272
4288
4291
42958
42959
43092
43093
43094
43095
43097
43111
43138
43312
43315
43372
43373
43374
43428
43465
43472
43617
43648
43677
43854
4392
44055
44064
44179
44180
44270
44303
4433
44443
44444
44446
44584
44754
44755
44756
44832
44869
44935
44941
45071
45392
45404
4561
45737
45774
45775
45968
45999
46000
46001
46002
46003
46004
46005
46007
46008
46068
46069
46070
46071
46072
46073
46074
46075
4609
46091
46159
46180
46197
46208
46256
46320
46420
46421
46475
46476
46477
46478
46479
46543
46544
46575
46576
46577
46579
46580
46581
46582
4662
46695
46696
46697
46699
46700
46701
46702
46705
46706
46707
46708
46709
46710
46742
46743
46745
46746
46747
46769
46804
46805
46831
46833
46839
46847
46849
46862
46863
46904
46910
46915
46916
46918
46919
46920
46931
46933
46935
46936
46938
46939
46940
46941
46942
46943
46946
46948
46950
46951
46952
46957
46958
46961
46967
46973
46979
46980
46981
46982
46983
46984
46992
46993
47003
47005
47006
47007
47008
47024
47040
47045
47047
47048
47049
47050
47051
47056
47061
47076
47077
47078
47080
47081
47082
47084
47099
47107
47118
47131
47151
4719
47193
4720
4722
47220
47224
47225
47226
47227
47228
47229
47270
47274
47275
47276
47277
47278
47279
47280
47281
47283
47284
47313
47314
47315
47318
47319
47326
47339
47341
47342
47343
47344
4737
47370
47376
47377
47378
47379
4738
4739
47398
47399
4740
47409
4741
47410
47411
47415
47417
47418
47419
4742
47420
47421
47422
47423
47424
47428
47429
4743
47430
47431
47432
47433
47434
47435
47436
47437
47438
47439
47448
47449
47450
47451
47452
47453
47454
47455
47456
47457
47458
47460
47461
47462
47463
47464
47465
47466
47468
47471
47472
47473
47474
47475
47476
47477
47478
47479
4748
47480
47481
47482
47483
47498
47532
47533
47534
47535
47541
47576
47577
47579
47580
47581
47582
47594
47649
47654
47655
47656
47657
47658
47659
4768
47734
47735
47736
47781
47782
47800
47823
47843
4790
47922
47923
47924
47925
47926
47928
47929
47930
47931
47932
47933
47934
47935
47936
47937
47939
47955
47962
47963
47964
47965
47966
48005
48007
48008
48009
48010
48011
48012
48013
48014
48015
48016
48017
48018
48020
48093
4810
48243
4834
48423
48425
48451
48460
4848
48495
48496
48497
48537
48541
48551
48555
48583
48601
48619
48621
48623
48627
48628
48634
48635
48636
48642
48651
48652
48657
48689
48697
48767
48866
48907
48940
48943
49022
49029
49030
49044
49046
49108
49115
49190
49209
49255
49256
49257
49288
49336
49337
49384
49458
49475
49495
49501
49585
49586
49588
49624
49648
49676
49701
49702
49795
49854
49888
49889
49926
49961
50038
50039
50040
50041
50051
5006
50074
50075
50076
50078
50088
50149
50150
50168
50178
50189
50227
50265
50266
50302
50303
50305
5032
50320
50321
50351
50354
50365
50370
5040
50402
50404
50407
5042
50431
50432
50453
50486
50497
50498
50524
50525
50532
50555
50558
50598
50617
50638
50702
5080
50831
50832
50839
50913
50946
50989
51005
51008
51009
51010
51012
51013
51014
51015
51019
51047
51093
51118
51170
51171
51204
51351
51352
51353
51354
51384
5144
51455
51456
51457
51461
51480
51481
51483
51487
51488
5150
51557
51565
51569
5161
5163
51676
5175
5176
5177
5178
51915
51925
51944
51960
51961
51971
51972
51973
51976
52002
52007
52008
52010
52014
52133
52145
52161
52175
52181
52229
52316
52325
5236
52573
52612
52845
52846
52847
52848
52849
52850
52851
52852
52853
52854
52856
52858
5291
5292
52928
5293
52967
53030
53038
53135
53317
5337
5338
5339
5340
5351
5354
53573
53633
5401
54014
54059
54077
5421
5423
543
54334
54376
54377
54378
54408
54440
5452
54560
54577
54623
54668
54687
54688
54689
54690
54694
54743
54774
54946
5499
5505
55051
55105
55149
55264
55518
55575
55597
55625
55828
56184
56185
56186
5620
56212
563
56321
56345
56366
564
56422
56460
56552
56648
56699
56700
56701
56702
56703
56704
56706
56707
56708
56710
56711
56712
56713
56714
56716
56717
56718
56719
56720
56721
56722
56723
56724
56725
56726
56727
56728
56729
56730
56731
56732
56733
56734
56736
56737
56738
56739
56740
56742
56743
56749
56751
56752
56753
56754
56755
56756
56757
56758
56759
56760
56761
56762
56763
56764
56765
56766
56767
56768
56769
56770
56771
56773
56774
56775
56776
56777
56778
56779
56780
56781
56782
56800
56801
56802
56806
56807
56809
56810
56813
56814
56815
56825
56826
56827
56828
56829
56831
56833
56835
56836
56837
56838
56839
56840
56842
56844
56845
56846
56849
56851
56852
56854
56855
56856
56857
56858
56859
56860
56861
56862
56863
56864
56865
56866
56867
56868
56869
56870
56871
56872
56873
56875
56876
56877
56878
56879
56880
56881
56882
56883
56884
56885
56886
56887
56888
56889
56890
56891
56892
56893
56976
5699
5701
57049
57100
57102
5711
57238
57321
5734
57406
5745
57503
57565
57603
57666
5767
5770
5771
5772
5773
57890
57937
57938
57939
57940
57941
57942
57944
57945
57947
57948
57950
57951
57952
57953
57954
57955
57963
57967
57968
57969
57970
57971
57976
57977
57979
57981
57983
57984
57985
57986
57987
57988
57992
57993
57997
57998
58002
58011
58012
58014
58015
58016
58017
58018
58019
58021
58022
58023
58024
58025
58043
58044
58045
58046
58047
58048
58049
58051
58053
58054
58056
58057
58058
58059
58062
58063
58066
58067
58069
58070
58071
58073
58091
582
583
58418
58461
58462
58481
585
5850
5852
58547
58548
586
58643
58658
58740
58743
58861
58862
58863
58868
59080
5909
59091
59095
59099
59100
59101
59102
59103
59177
59197
59198
59199
592
59200
59204
59205
59206
59207
59208
59209
59211
59212
59213
59214
59215
59217
59219
59227
59228
59229
59230
59233
59234
59236
59238
59239
59240
59241
59242
59243
59244
59245
59247
59248
59251
59255
59256
59258
59259
59265
59272
59274
59276
59283
59284
593
597
598
59883
59946
59947
60239
60274
60499
60503
60506
60508
60509
60510
60557
60567
609
61052
61055
61057
61058
61059
61061
61062
61065
61066
61067
61068
61070
61074
61078
61080
61082
61086
61087
61088
61089
61090
61091
61095
61097
61100
61101
61102
61103
61104
61105
61106
61107
61108
61109
61110
61112
61113
61116
61117
61165
6148
61648
61916
61967
61969
61970
61971
62075
62077
62078
62080
62081
62082
62083
62085
62086
62087
62097
62098
62279
62293
62383
62387
62459
62461
62463
62464
62465
62526
62547
62581
62696
62697
62766
6280
62913
62954
62963
62973
63163
63164
63258
6326
640
6402
641
64154
64155
64157
64166
64169
64170
64175
64179
64180
64182
64185
64190
64192
64193
64194
64196
642
64216
64222
64223
64231
64232
64238
6424
64241
64244
64246
64247
64248
64249
64250
643
64385
644
645
646
6462
647
6473
648
649
650
651
65108
65301
65304
65307
65372
6569
6577
6586
66549
67086
67389
675
67640
67641
67863
67952
68013
68014
6804
6807
68470
68471
68472
68499
68503
68504
68618
68620
68621
68622
68627
68628
68629
68630
68631
68632
68809
69232
693
694
695
696
69679
697
698
70029
70131
70558
70592
70821
70822
70823
70824
70825
70826
70827
70828
70829
70830
70831
70832
70833
70834
70835
70836
70837
70838
70839
7107
71393
71628
7208
7209
7210
7211
7213
72298
72326
72368
72458
72459
72460
72791
73323
73324
7335
73740
73742
73786
74073
74517
74755
74868
74870
74987
75373
75403
75425
7543
75537
75680
75766
75832
75871
75915
75990
75994
76002
76037
76206
76207
76216
76282
76283
76295
76344
76357
76367
76368
76377
76380
76403
76405
76439
76648
76651
76670
76671
76672
76674
76675
76684
76858
76980
77072
77260
77295
7733
7735
77362
77406
77407
77410
77411
77412
77413
77414
77415
77416
77417
77418
77419
77422
77451
77455
77533
77648
77650
77652
77697
77749
77788
77861
77884
77904
77993
78086
78091
78092
78138
78346
78570
78651
7903
7904
79091
79137
79633
79634
79641
79711
79762
79812
79814
79815
79816
79817
79820
79821
79823
79828
79849
79851
79853
79957
79982
80108
80244
80457
809
8109
811
8110
8111
8119
812
81234
813
814
815
816
81613
8174
8197
8200
8201
8204
82258
82271
82272
82274
82275
82276
82278
82283
82300
82301
82308
82311
82312
82348
82362
82364
82366
82367
82379
82380
82381
82386
82389
82392
82396
82398
82420
82429
82441
82460
82463
82476
82479
82483
82484
82488
82489
82491
82492
82516
82525
82545
82557
82569
82579
82581
82582
82599
82621
82622
82623
82628
82629
82630
82632
82638
82640
82641
82645
82651
82687
82694
82704
82709
82713
82714
82715
82719
82723
82728
82729
82731
82734
82737
82742
82749
82750
82774
82776
82783
82804
82808
82810
82821
82823
82824
82836
82854
82856
82872
82875
82943
82962
82964
82974
82981
83018
83031
83043
83102
83105
83157
83158
83160
83170
83173
83182
83185
83189
83200
83216
83217
83258
83307
83362
83384
83407
83409
83436
83460
83464
83478
83479
83520
83547
83563
83578
83580
8359
83605
8362
83647
83659
83677
83724
83740
83743
8376
8377
8378
83809
8381
83837
83838
83854
83877
83975
83976
84049
84147
84150
84209
84210
84230
84233
84234
84294
8432
8434
8435
8436
8437
8438
84382
8439
8440
84405
8441
8442
84487
84489
84499
84516
84519
84523
84541
84543
84585
84593
84602
84695
84721
84777
84781
84894
84904
84939
85058
8511
8512
8513
8515
8516
8517
8520
85204
85209
8521
85211
85212
85213
85214
85215
85216
85218
8522
8523
85250
85278
85279
85280
85281
85282
85283
85285
85287
85288
8529
85290
85292
85294
85295
8530
85327
85338
85339
85363
85364
85365
85366
85367
85368
85369
85370
85371
85372
85386
85393
85446
85448
85449
85450
85451
85452
85454
85536
85566
85573
85706
85735
85749
85778
85790
85806
85807
85849
85874
85889
8592
85929
86067
86069
86084
86181
86218
86223
86224
86225
86249
8625
86250
86252
86262
8627
86281
86299
86307
86320
86334
86339
86342
86343
86347
86426
86428
86434
86436
86440
86455
86460
86482
86507
86513
86537
86551
86553
86554
86584
86600
86621
86650
86659
86665
86677
86678
86679
86706
86717
86721
86749
86751
86754
86755
86771
86774
86782
86783
86784
86786
86819
86823
86824
86826
86830
86832
86833
86834
86838
86853
86854
86863
86865
86868
86871
86921
86924
86933
86938
86957
86999
87004
87005
8701
87014
8702
87057
87059
87060
87061
87062
87066
87067
87071
8708
8710
8711
8712
8713
87131
87138
87145
87202
87205
87229
87231
87247
87261
87265
87270
87321
87324
87328
87329
87331
87346
87351
87355
87356
87360
87361
87362
87370
87378
87397
87400
87402
87407
87410
87411
87413
87415
87417
87418
87419
87420
87421
87422
87423
87424
87425
87427
87433
87435
87470
87476
87484
87496
87511
87520
87522
87533
87546
87552
87563
87595
87617
87619
87636
87642
87643
87644
87667
87668
87669
87676
87700
87731
87740
87743
87745
87750
87831
87836
87852
87854
87869
87871
87872
87875
87877
87879
87882
87883
87884
87887
87889
87896
87897
87898
87899
87909
87919
87943
87944
87945
87946
87947
87948
87949
87956
87962
87976
88017
88018
88020
88040
88043
88055
88060
88073
88075
88091
88095
88096
88105
88108
88111
88114
88120
88139
88168
88192
88218
88224
88226
88227
88228
88251
88263
88265
88276
88278
88279
88286
88297
88313
88314
88329
88337
88347
88351
88354
88378
88407
88408
88409
88429
88430
88431
88435
88436
88439
88445
88447
88449
88452
88470
88489
88508
88519
88521
88523
88524
88525
88526
88527
88528
88529
88530
88533
88534
88536
88546
88553
88555
88558
88559
88560
88567
88572
88574
88586
88587
88618
88619
88621
88622
88631
88652
88660
88667
88668
88683
88698
88699
88700
88701
88702
88703
88704
88706
88707
88718
88721
88750
88761
88768
88769
88771
88772
88773
88775
88777
88804
88805
88806
88809
88827
88855
88868
88871
88873
88874
88888
88906
88907
88921
88928
88929
88935
8894
88940
88959
88963
88974
88984
88985
88986
88988
8899
88991
88997
88999
89011
89012
89015
89093
89097
89104
89109
89111
89116
89123
89124
8916
89183
89184
89225
89226
89231
89262
89268
89278
89291
89294
89301
89341
89342
89352
89353
89361
89362
89363
89364
8939
89396
8940
8941
89424
89428
89435
89439
89440
89445
8945
89458
89465
8948
89482
89483
89495
89497
89501
89511
89513
89558
8956
89564
89586
89591
89600
89610
89613
89614
89615
89616
89617
89619
89621
89624
89633
8964
89658
89666
89668
89671
89697
89710
89711
89714
89715
89717
89723
89724
89725
89726
89727
89728
89730
89738
89747
89750
89751
89752
89773
89775
89776
89777
89778
89779
89780
89781
89800
89801
89803
89804
89807
89814
89817
89821
89823
89826
89867
89871
89875
89903
89917
89933
89935
89942
89986
89999
90007
90008
90019
90020
90023
90046
90077
90081
90090
90094
90095
90127
90129
90132
90148
90185
90193
90197
90234
90260
90261
90267
90288
90290
90299
90302
90303
90308
90311
90321
90335
90336
90337
90339
90341
90342
90344
90346
90349
90364
90365
90372
90378
90391
90396
90397
90400
90401
90404
90414
90416
90417
90418
90420
90422
90436
90440
90472
90480
90523
9053
90532
90533
90536
90538
9054
90543
90544
90545
90546
90547
9055
90550
9056
90563
90565
90566
90574
90575
90576
90577
90578
90579
90586
90589
90612
90613
90614
90643
90649
9066
90668
9067
90692
90693
90697
90698
90705
90723
90725
90726
90727
90729
90730
90731
90732
90735
90737
90738
90749
90760
90762
90764
90766
90769
90773
90777
90779
90780
90781
90794
90796
90799
9080
90800
9081
90813
90814
90821
90834
90849
90856
90857
9086
90868
9087
90870
90871
90872
90873
90874
90875
90877
9088
90890
90896
90898
90902
90920
90927
90936
90951
90952
90955
90956
90957
90958
90959
90960
90971
90975
90989
90993
910
91007
91011
91013
91038
91039
91040
91045
91047
91048
91050
91054
91067
91099
911
91101
91102
91104
91108
91121
91128
9113
91130
91136
91143
9115
9116
91166
91167
91189
9119
91194
91195
91197
91198
912
91213
91223
91224
91225
91227
91240
91244
91246
91248
91253
91254
91255
91256
91257
91258
91259
91260
91261
91262
91263
91265
91285
91293
91297
91298
913
91300
91301
91302
91303
91305
91306
91307
91308
91309
9131
91319
91321
91323
91326
91327
91330
91331
91332
91333
91338
91341
91347
91362
91369
91370
91371
91372
91373
91374
91375
91376
91377
91378
91379
91380
91381
91382
91391
91441
91444
91445
91446
91448
91449
91450
91454
91456
91460
91464
91536
91542
91551
91559
91563
91584
91634
91636
91637
91653
91655
91656
91657
91670
9172
91744
91745
91757
91758
91763
91770
91782
91784
91787
91789
91790
91791
91792
91793
91798
91811
91815
91820
91838
91839
91840
91841
91842
91845
91851
91864
91865
91867
91870
91871
91876
91881
91898
91901
91913
91918
91919
91920
91969
91972
91974
91977
91979
91983
92024
92025
92026
92030
92035
92037
92038
92039
92040
92041
92042
92043
92044
92045
92046
92047
92048
92049
92050
92055
92061
92063
92064
92081
92089
92094
92096
92099
92100
92101
92102
92104
92105
92106
92107
92108
92109
92110
92111
92112
92118
92120
92124
92152
92158
92160
92174
92177
92183
92184
9219
9220
92205
9221
92213
9222
92223
92224
92226
92227
92228
92230
92234
92238
92239
92240
92241
92244
92245
92246
92249
92256
92272
92281
92282
92286
92287
92288
92290
92295
92333
92335
92337
92338
92339
92341
92342
92345
92350
92352
92355
92362
92364
92374
92385
92386
92387
92388
92390
92397
92398
92399
9240
92400
92401
92408
92415
92416
92417
92418
92419
92420
92423
92425
92426
92427
92435
92449
92452
92455
92466
92477
92479
92483
92485
92487
92490
92495
92515
92519
92520
92522
92554
92566
92568
92571
92575
92580
92581
92582
92583
92584
92585
92586
92618
92619
92628
92633
92647
92668
92669
92671
92673
92674
92675
92676
92677
92678
92679
92681
92685
92693
92694
92714
92731
92732
92735
92743
92746
92747
92751
92753
92765
92771
92773
92777
92796
92805
92807
92808
92809
92810
92811
92812
92813
92814
92815
92816
92817
92823
92828
92834
92837
92851
92926
92927
92928
92929
92951
92952
92954
92956
92959
92960
92961
92964
92970
93065
93066
93067
93076
93077
93081
93082
93104
93107
93110
93124
93125
93126
93129
93131
93135
93168
93169
9319
932
9322
93222
93226
93231
93286
933
93304
93377
93397
93399
934
9348
9349
935
93513
93559
936
93817
9395
93984
94110
94126
94128
94130
94131
94132
94133
94134
94137
94138
94171
94173
94174
9419
9420
9422
9423
9424
9425
9426
94288
94294
94305
9431
9433
94338
9439
94416
94420
94430
94449
94470
94599
94635
94731
94756
94933
94936
9496
9497
94975
94985
94988
94990
95029
95057
95063
95120
95312
95314
95322
95325
95327
95328
95329
95330
95331
95332
95333
95335
95336
95337
95338
95341
95342
95345
95351
95354
95356
95358
95359
95369
95392
95681
95809
9596
9610
9611
9612
9614
96209
96409
96438
96554
96612
96654
96688
96734
96784
96787
9689
96893
96894
96897
9692
9694
9721
9723
9726
97455
9765
9768
9769
97732
97733
97734
9774
97767
97770
97782
97785
97787
97815
97903
97909
9794
9796
97962
97967
97997
98027
98089
98095
98096
98101
98139
98175
98203
9821
98216
9823
98235
98242
9825
98256
9828
9830
98349
98365
98368
98372
98373
98383
98387
98395
98398
98411
98445
98448
98489
98520
98522
98563
98565
98588
9860
98606
98616
9864
98662
98677
98680
98694
9870
98726
9874
98740
98750
98754
98757
98760
98761
98765
98768
98772
98774
98780
98787
98800
98804
98806
98826
98829
98842
98852
98868
98869
98888
98895
98899
99104
99137
99146
99177
9919
9921
9922
9923
9924
99249
9925
9926
99264
9927
99285
99286
99288
99290
9930
99303
99308
99312
99479
99496
99610
99611
99612
99633
9968
9969
99703
99744
99917
99948
99949
9995
99959
99961
99963
