101156
10493
10571
10574
10575
116016
11797
11956
120330
120337
120344
120347
120350
120359
120365
120371
120377
120379
120381
120382
120384
120396
120400
121109
122487
12720
12741
12742
12746
12748
12749
12750
12751
128380
12929
12933
133789
136754
13845
141305
143290
143340
14666
148187
148220
148232
148239
148314
148655
148703
148719
148756
148823
149253
149526
149574
149576
149589
149630
149667
149730
149937
150015
150197
15020
15022
15026
150327
150447
150450
150645
150658
150673
150757
150887
151052
151067
151072
151109
151113
151199
151223
151238
151391
151449
151483
151499
151515
151516
151574
151614
151631
151738
151820
151843
151953
151972
151991
152051
152061
152190
152290
152348
152380
152388
152543
152546
152603
152638
152640
152764
152909
152918
153304
153353
153354
153444
153500
153521
153534
153541
153603
153611
153643
153687
153695
153766
153778
153841
153863
153943
153987
154090
154113
154154
154199
154285
154327
154489
154493
154718
154947
155073
155115
155326
155329
155477
155594
155595
155617
155618
155656
156470
156878
157136
157366
157370
157511
157512
157583
157831
158063
158332
15849
15852
158814
158961
158995
159126
159218
159314
159357
159381
15960
159662
159694
159847
159943
160100
160621
16065
16066
16067
16071
16075
161144
161196
16121
161330
161507
161629
161638
161648
162028
162677
163675
164783
164791
164802
164818
164916
164966
165113
165307
165679
165896
166225
166289
166318
166326
166371
167041
167043
167086
167326
167647
167956
168017
168188
168306
168422
169014
169567
169748
1698
169931
170424
170542
170751
170779
170919
170921
170928
171080
171162
171957
171963
172549
17259
172715
172810
172814
172968
173096
173213
173652
173700
173756
17434
17436
17439
1744
17440
174512
17469
174821
175126
175711
175715
175811
176255
176426
176658
176774
176848
177590
177740
177957
178424
179009
179038
17915
17916
17917
17918
17926
179818
179918
180404
18139
182618
182640
182641
182642
183201
183202
183203
183204
183205
183206
183207
183208
183449
183450
183451
183452
185167
185168
185169
185170
185171
185172
185173
185174
185175
185176
185211
185212
185213
185214
185215
185216
185217
185218
185219
185220
185590
185591
185592
185593
185594
185595
185596
185597
185598
185599
185600
185601
185603
185604
185605
185606
185607
185608
185764
185765
185766
185767
185768
185769
185897
185898
185899
185900
185901
186001
186002
186003
186004
186005
186006
186007
186008
186009
186015
186016
186017
186018
186019
186020
186021
186022
186023
186842
186843
186844
186845
187044
187045
187046
187047
187048
187049
187388
187389
187390
187391
187392
187393
187553
187554
187555
187556
187557
187558
187787
187788
187789
187799
187800
187801
187802
187803
187804
187843
187844
187845
187846
187958
187959
187960
187961
188558
188559
188560
188561
188562
188563
189110
189111
189112
189113
189114
189115
189116
189117
189118
189119
189120
189974
190470
190471
190472
190473
190474
190475
190476
190477
190721
190722
190723
190724
190725
190726
190727
190728
191322
191323
191324
191325
191326
191327
191570
191629
191630
191631
191632
191633
191634
191834
191952
191953
191954
191955
191956
192020
192021
192022
192023
192024
192025
192429
192430
192993
193060
193061
193062
193063
193064
193065
19442
19446
19448
194670
195095
195096
195097
195098
195099
195100
195539
195540
195541
195542
195543
195544
195545
195546
195547
196103
196104
196105
196106
196883
196884
196885
196886
198459
199040
199041
199042
199043
199044
199045
199580
199581
199582
199583
199584
199585
199586
199939
199940
199941
199942
199943
199944
200175
200176
200177
200178
200179
200180
200181
200182
200183
200184
200185
200186
200566
200567
200568
200569
200570
200571
200572
200573
200702
201743
201744
201745
201746
201747
201748
201749
201750
202284
20274
202755
202756
202757
202758
202759
202760
203611
203612
203613
203614
203615
203616
203826
203827
203828
203829
203989
204063
204395
204396
204397
204398
204399
204400
204843
205449
205450
205451
205452
20550
205507
205508
205509
20551
205510
205511
205512
205513
205514
205515
205516
20552
205783
205784
20582
20594
206340
206341
206342
206343
206630
206631
206632
206633
206634
206635
206636
206637
206638
206639
206640
206641
206642
206643
206644
206645
207510
207511
207512
207513
207514
207515
207516
207517
207518
207519
207520
207521
207522
207523
207524
207525
207526
207527
207528
207555
207556
207557
207558
207559
207560
207561
207562
207563
207564
207668
207669
207670
207671
207672
207673
207674
207675
207676
207677
207678
20774
208067
208068
208069
208070
208071
208072
208962
208963
209205
209206
209207
209208
209209
209210
209211
209212
209213
209394
209395
209396
209397
21065
21068
211670
211671
211672
211673
211674
211825
211826
211827
212468
212469
212470
212471
212472
212713
212714
212715
212816
212817
213291
213292
213293
213345
213346
213347
213348
213349
213350
214438
214439
214440
214441
214442
214443
214444
214445
215056
215287
215288
215289
215290
215291
215292
215293
216145
216146
216147
216148
216149
216150
216151
216152
216153
216154
216155
216156
216157
216158
216159
216160
21627
21631
216368
216369
216370
216371
216372
216373
216374
216375
216376
216736
217536
217537
217538
217539
217540
217541
217542
217543
217544
217545
217546
217547
217645
217646
217647
217648
217649
217650
217651
217652
218872
218873
218874
218875
218876
218877
21892
220567
220663
22354
223592
223593
223594
223595
223712
223713
223714
223715
223716
223717
224104
224105
224106
224107
224108
224109
224141
224142
224143
224144
224204
224205
22450
22481
22483
226326
226525
227178
22740
22742
22744
227465
227466
227467
227468
227469
227470
227471
227472
227473
22789
22790
227928
227929
227930
227931
227932
227933
22807
22808
22809
22810
22811
22812
22813
22814
22824
228906
229017
229018
229019
229020
229021
229977
229978
229979
229980
230810
230811
230812
230813
230814
230815
231108
231109
231704
23212
23213
23215
232458
232459
232460
232461
232462
232463
232464
232465
232466
232467
23253
232711
232712
232713
232714
232715
232716
232717
232718
232719
232720
232721
232722
232723
232724
232725
232726
232727
232728
234321
234322
234323
234324
234325
234326
234327
234328
234915
234916
234917
234918
234919
234920
234921
235369
235370
235371
235372
235373
235374
235697
235698
235699
235700
235701
235702
235703
235704
235705
235706
235886
235887
235888
235889
235890
235891
235892
235893
235894
236039
236040
236041
236042
236043
236044
236525
236526
236527
236528
237097
237409
237410
237411
237412
237413
237414
237415
237416
237417
237418
237419
237622
237623
23773
237901
237902
237903
237904
237905
237906
237907
237908
237909
237915
237916
238306
238307
238308
238309
238310
238311
238372
238373
238374
238375
238376
238377
238378
238379
238457
238458
238459
238460
238461
238462
238517
238518
238519
238520
238521
238522
238532
238533
238534
238535
238610
238611
238612
238613
238680
238681
238682
238683
238684
238685
238855
238856
238857
238858
238859
238860
238861
238862
238863
238864
238865
238866
238867
238868
238869
238870
238871
238969
238970
238971
238972
238973
238974
238985
238986
238987
238988
238989
238990
238991
238992
238993
238994
238995
238996
238997
239004
239005
239006
239088
239089
239090
239091
239092
239093
239094
239095
239139
239140
239141
239392
239393
239394
239395
239396
239397
239459
239460
239461
239462
239463
239464
239575
239576
239577
239578
239579
239580
239581
239582
239583
239584
239585
239586
239609
239610
239611
239612
239613
239614
239615
239616
239617
239624
239625
239626
239627
239628
239629
239630
239631
239632
239655
239656
239657
239658
239659
239660
239661
239662
239663
239664
239665
239666
239667
239668
239669
239670
239671
239672
239673
239759
239760
239761
239762
239763
239764
239768
239769
239770
239771
239772
239773
239800
239801
239802
239803
239804
239805
239806
239807
239877
239878
239879
239880
239881
239882
239883
239884
239885
239886
239887
239888
239889
239890
239900
239901
239902
239903
239904
239905
239906
239907
239908
239909
239910
240086
240087
240088
240089
240090
240091
240109
240110
240111
240112
240113
240114
240186
240187
240188
240189
240190
240191
240192
240193
240194
240217
240218
240219
240220
240221
240222
240223
240224
240254
240255
240256
240257
240258
240259
240282
240283
240284
240285
240322
240323
240324
240325
240329
240330
240331
240332
240333
240334
240335
240336
240476
240477
240478
240479
240480
240481
240534
240535
240594
240595
240596
240597
240598
240599
240600
240601
240612
240613
240614
240615
240616
240617
240644
240645
240646
240647
240648
240649
240681
240682
240683
240684
240685
240686
240687
240688
240689
240690
240691
240692
240715
240716
240730
240731
240732
240744
240745
240746
240747
240748
240749
240884
240885
240907
240908
240923
240924
240925
240926
240927
240928
240932
240933
240934
240935
240936
240937
240972
240973
240974
240975
241039
241040
241041
241042
241082
241083
241084
241085
241086
241087
241088
24109
241119
24112
241120
241121
241122
241123
241124
241366
241367
241368
241369
24140
241409
241410
241411
241412
241413
241414
241415
241416
241417
24142
24143
241444
241445
241446
241447
241448
241449
24145
241450
241451
241525
241526
241527
241528
241577
241578
241579
241580
241581
241582
241583
241584
241660
241661
241662
241663
241664
241665
241666
241667
241681
241682
241683
241684
241685
241686
241775
241776
241777
241778
241779
241780
241781
241782
241783
241790
241791
241792
241793
241794
241795
241796
241797
242083
242084
242085
242086
242087
242088
242089
242090
242091
242092
242093
242094
242207
242208
242209
242210
242211
242261
242262
242263
242264
242265
242266
242267
242268
242282
242283
242284
242285
242286
242287
242288
242289
242301
242302
242303
242304
242305
242306
242350
242351
242352
242353
242354
242355
242356
242357
242358
242359
242391
242392
242393
242394
242395
242396
242403
242404
242405
242406
242407
242408
242409
242410
242411
242412
242413
242414
242415
242416
242417
242418
242419
242420
242421
242422
242423
242424
242425
242426
242427
242466
242467
242468
242469
242470
242471
242472
242473
242589
242590
242591
242592
242593
242594
242595
242596
242597
242689
242690
242691
242692
242693
242694
242695
242696
242697
242698
242743
242744
242745
242746
242747
242748
242749
242750
24279
24281
242822
242823
242824
242825
242826
242827
242828
242829
24283
24284
24285
242872
242913
242914
242915
242916
242917
242918
242919
242920
242921
242997
242998
242999
243000
243001
243002
243003
243004
243005
243006
243007
243008
243037
243038
243039
243040
243041
243042
243043
243121
243122
243123
243124
243125
243126
243227
243228
243229
243230
243231
243232
243341
243342
243343
243344
243345
243346
243347
243378
243379
243380
243381
243382
243383
243384
243385
243386
243387
243388
243389
243437
243544
243545
243546
243547
243548
243549
243571
243572
243573
243574
243575
243576
243577
243578
243579
243580
243581
243582
243648
243649
243650
243651
243652
243653
243654
243655
243656
243657
243658
243659
243664
243670
243671
243672
243673
243714
243715
243716
243830
243831
243832
243833
243834
243835
243836
243837
243860
243861
243862
243863
243864
243865
243866
243867
243868
243869
243870
243871
243872
243873
243924
243925
243926
243927
243928
243929
243930
243931
243967
243968
243969
243970
243971
243972
244027
244054
244055
244056
244057
244058
244059
244103
244104
244105
244106
244107
244108
244109
24411
244110
244111
244112
244119
24412
244120
244121
244122
244123
244124
24413
244141
244142
244143
244144
244145
244146
244147
244148
244149
244223
244224
244225
244226
244227
244228
244229
244230
244264
244265
244266
244267
244268
244269
244294
244295
244296
244297
244298
244299
244300
244301
244304
244305
244306
244307
244308
244309
244310
244311
244347
244348
244349
244350
244351
244352
244353
244354
244393
244394
244395
244396
244397
244398
244439
244440
244441
244442
244443
244444
244469
244470
244471
244472
244473
244474
244497
244498
244499
244500
244501
244502
244503
244504
244505
244534
244535
244641
244642
244643
244644
244678
244679
244680
244681
244682
244683
244684
244685
244686
244719
244720
244721
244722
244723
244724
244725
244726
244727
244760
244761
244762
244763
244764
244765
244775
244776
244777
244778
244779
244780
244781
244782
244783
244784
244789
244790
244791
244792
244793
244794
244795
244796
244941
244942
244943
244944
244945
244946
244947
244948
244949
244950
244951
244952
244963
244964
245037
245038
245039
245040
245041
245042
245043
245044
245045
245109
245110
245111
245112
245113
245114
245297
245298
245299
245300
245301
245302
245303
245304
245305
245406
245512
245513
245514
245515
245516
245517
245518
245535
245536
245537
245538
245539
245540
245541
245542
245543
245544
245545
245546
245547
245548
245549
245610
245611
245612
245613
245614
245615
245616
245617
245618
245619
245674
245855
245856
245857
245858
245859
245860
245915
245916
245917
245918
245919
245920
245986
245987
245988
245989
245990
245991
246005
246006
246007
246008
246009
246010
246069
246070
246071
246072
246073
246074
246075
246076
246077
246078
246079
246083
246084
246306
246307
246308
246309
246310
246311
246312
246313
246438
246439
246440
246441
246442
246443
246547
246556
246557
246558
246559
246560
246561
246562
246563
246564
246565
246566
246567
246568
246569
246570
246571
246572
246573
246574
246575
246576
246697
246698
246699
246700
246701
246702
246703
246704
246705
246706
246707
246708
246709
246710
246739
246740
246741
246742
246743
246744
246745
246746
246747
246748
246749
246750
246808
246809
246810
246811
246812
246813
246832
246854
246855
246856
246857
246858
246859
246860
246861
246862
246863
246864
246865
246866
246867
247000
247001
247012
247013
247014
247015
247016
247017
247018
247019
247020
247021
247022
247023
247024
247025
247026
247027
247028
247029
247030
247031
247032
247033
247034
247035
247036
247037
247166
247167
247168
247169
247170
247187
247188
247189
247190
247191
247192
247193
247194
247223
247224
247225
247226
247227
247228
247229
247230
247401
247402
247403
247404
247405
247406
247407
247408
247409
247410
247411
247412
247416
247417
247418
247419
247420
247421
247422
247423
247467
247468
247469
247470
247471
247472
247520
247521
247522
247523
247524
247525
247526
247527
247528
247544
247545
247546
247547
247548
247549
247550
247551
247552
247553
247554
247555
247565
247566
247567
247568
247569
247570
247571
247572
247573
247574
247575
247576
247577
247578
247585
247588
247589
247590
247591
247592
247593
247594
247722
247723
247724
247725
247726
247727
247730
247731
247851
247852
247853
247854
247855
247856
247857
247858
247859
247860
247861
247862
247863
247864
247865
247866
247879
247880
247881
247882
247883
247884
247903
247904
247921
247922
247923
247924
247925
247926
247927
247928
247929
247930
247931
247932
247933
247983
247984
247985
247986
247987
247988
247989
247990
247991
247992
247993
247994
247995
248069
248070
248071
248072
248073
248212
248213
248214
248215
248216
248217
248224
248225
248226
248227
248228
248229
248230
248231
248232
248233
248410
248449
248450
248451
248452
248453
248454
248455
248456
248457
248458
248459
248464
248465
248544
248578
248579
248580
248581
248582
248583
248584
248585
248685
248686
248687
248688
248689
248690
248691
248692
248693
248694
248695
248696
248697
248698
248699
248706
248708
248709
248731
248836
248837
248838
248839
248840
248841
248989
248990
248991
248992
248993
248994
249047
249048
249049
249050
249051
249052
249061
249062
249063
249064
249065
249066
249067
249068
249069
249283
249284
249285
249286
249287
249288
249289
249290
249291
249342
249343
249344
249345
249346
249347
249348
249349
249531
249532
249533
249534
249535
249536
249843
249844
249845
249846
249847
249848
249849
249850
249851
249852
249853
249854
249888
249889
249890
249891
249892
249893
249894
249895
249896
249897
250008
250009
250010
250011
250012
250013
250014
250028
250032
250033
250034
250035
250036
250037
250046
250047
250048
250049
250050
250051
250052
250053
250054
250055
250065
250121
250124
250125
250126
250127
250128
250153
250154
250155
250156
250164
250165
250166
250167
250168
250169
250170
250202
250203
250204
250205
250206
250207
25025
250330
250331
250332
250333
250334
250335
25037
250478
250479
250480
250481
250482
250483
250484
250485
250486
250487
250488
25054
250605
250606
250607
250608
250609
250610
250611
250612
250613
250664
250665
250666
250667
250668
250669
250670
250671
250806
250839
250840
250841
250842
250843
250844
250845
250846
250847
25093
250958
250959
250960
250961
250962
250963
250972
250973
25099
250991
250992
250993
250994
250995
250996
250997
250998
25100
251005
251006
251007
251008
251009
251010
251011
251012
251013
251015
251016
251017
251018
251019
251020
251099
251100
251101
251102
251103
251104
251105
251133
251134
251143
251144
251145
251146
251147
251148
251149
251150
251205
251206
251207
251208
251209
251210
251211
251212
251213
251246
251247
251408
251458
251459
251460
251461
251462
251463
251593
251594
251595
251596
251597
251598
251599
251600
251601
251602
251603
251604
251605
251606
251659
251849
251850
251851
251852
251853
251854
251862
251863
251864
251865
251866
251867
251915
251916
251917
251918
251919
251920
251921
251922
252007
252012
252013
252014
252015
252016
252017
252018
252071
252072
252073
252074
252075
252076
252089
252090
252091
252092
252093
252094
252095
252171
252172
252173
252211
252212
252213
252214
252215
252216
252243
252244
252275
252276
252277
252278
252279
252280
252281
252282
252283
252284
252285
252288
252289
252290
252291
252292
252293
252294
252295
252296
252314
252346
252347
252348
252349
252350
252351
252355
252356
252357
252405
252406
252407
252408
252409
252430
252431
252432
252433
252434
252435
252436
252437
252455
252456
252457
252458
252459
252460
252471
252472
252473
252474
252475
252476
252477
252478
25248
252513
252514
252515
252516
252517
252518
252519
252520
252538
252539
252621
252828
252829
252830
252831
252832
252833
252834
252835
252855
252856
252857
252858
252859
252860
252861
252862
253150
253151
253152
253153
253154
253155
253156
2533
253328
253350
253351
253352
253353
253354
253355
253356
253400
253401
253402
253403
253404
253405
253533
253534
253535
253536
253537
253538
253571
253613
253614
253615
253616
253617
253618
253619
253620
253650
253651
253652
253653
253654
253655
253656
253657
253658
253659
2537
253713
253714
253715
253716
253717
253718
253719
253720
253728
253729
253730
253731
253732
253733
253734
253735
253736
253821
253822
253823
253824
253825
253934
253935
253936
253937
253938
253939
253988
253989
254052
254053
254054
254055
254056
254057
254058
254059
254083
254084
254085
254086
254087
254088
254089
254090
254091
254092
254118
254119
254120
254121
254122
254123
254149
254150
254151
254152
254153
254154
254175
254176
254177
254178
254179
254180
254181
254182
254192
254193
254194
254195
254196
254197
254199
254200
254201
254202
254320
254337
254338
254339
254340
254341
254342
254374
254375
254376
254377
254378
254379
254380
254381
254382
254409
254410
254411
254412
254413
254414
254415
254416
254520
254521
254522
254523
254524
254525
254610
254611
254612
254613
254614
254615
254616
254617
254618
254619
254701
254702
254703
254704
254705
254706
254727
254728
254729
254736
254737
254738
254739
254740
254741
254742
254743
254744
254745
254746
254747
254748
254861
254862
254863
254864
254865
254866
254974
254975
254976
254977
254978
254979
254980
254981
254982
254983
254984
254985
255038
255039
255064
255065
255066
255067
255068
255069
255070
255087
255088
255089
255090
255091
255092
255093
255094
255095
255101
255102
255103
255104
255105
255106
255107
255108
255109
255110
255111
255112
255113
255114
255115
255116
255117
255118
255119
255120
255121
255122
255123
255143
255144
255145
255146
255147
255148
255149
255150
255192
255193
255194
255195
255196
255197
255198
255199
255204
255205
255206
255207
255208
255209
255210
255211
255212
255223
255224
255225
255226
255227
255228
255265
255266
255267
255268
255269
255270
255271
255272
255273
255274
255275
255412
255413
255414
255415
255416
255417
255418
255419
255524
255525
255526
255527
255528
255529
255569
255570
255629
255630
255631
255632
255633
255634
255635
255636
255637
255686
255687
255688
255689
255690
255691
255692
255693
255694
255695
255696
255697
255782
255811
255821
255822
255823
255824
255825
255826
255827
255851
255852
255853
255854
255855
255856
255857
255858
255884
255885
255886
255887
255888
255889
255890
255891
255892
255893
255903
255904
255905
255906
255907
255908
255918
255919
255920
255921
255922
255923
255924
255925
255926
256013
256014
256015
256016
256017
256018
256019
256020
256021
256022
256175
256196
256197
256198
256200
256201
256202
256203
256204
256205
256383
256384
256385
256386
256387
256388
256389
256390
256391
256417
256418
256419
256420
256421
256422
256423
256424
256511
256520
256521
256547
256681
256682
256683
256684
256685
256686
256710
256711
256712
256713
256714
256715
256758
256859
256860
256861
256862
256863
256864
256901
256902
256903
256963
257074
257075
257076
257077
257078
257079
257178
257179
257180
257181
257182
257183
257184
257185
257199
257200
257201
257202
257203
257277
257278
257279
257280
257281
257282
257283
257284
257285
257286
257287
257288
257289
257290
257492
257493
257494
257495
257496
257497
257515
257516
257517
257518
257519
257520
257521
257522
257523
257541
257542
257543
257544
257545
257546
257547
257548
257549
257550
257551
257552
257553
257554
257555
257556
257557
257558
257598
257599
257600
257601
257602
257603
257632
257633
257634
257635
257636
257637
257775
257776
257777
257778
257779
257780
257781
257782
257833
257834
257835
257836
257837
257838
257839
257840
257841
257842
257867
257868
257869
25787
257870
257871
257872
257873
257874
257875
257876
257877
257878
257879
257895
257896
257897
257898
257912
257913
257914
257915
257916
257917
257918
257936
257937
257938
257956
257957
257958
257959
257960
257961
257962
257963
257964
257965
258115
258116
258117
258118
258119
258120
258121
258128
258129
258130
258131
258132
258133
258244
258245
258246
258247
258248
258249
258250
258259
258267
258268
258309
258310
258311
258312
258313
258314
258348
258349
258350
258351
258352
258353
258354
258355
258356
258357
258358
258359
258360
258361
258362
258432
258433
258434
258435
258436
258509
258510
258511
258512
258513
258514
258515
258516
258517
258518
258519
258521
258522
258523
258524
258525
258526
258527
258528
258545
258546
258547
258548
258558
258559
258560
258561
258562
258563
258564
258565
258566
258567
25858
258680
258681
258682
258683
258684
258685
258695
258696
258697
258698
258699
258700
258701
258702
258703
258704
258761
258762
258763
258764
258765
258766
258767
258768
258769
258802
258803
258804
258805
258806
258854
258855
258856
258857
258858
258859
258860
258861
258862
258897
258898
258899
258900
258901
258902
259074
259075
259076
259077
259078
259079
259080
259081
259115
259116
259117
259302
259327
259328
259329
259330
259331
259434
259435
259514
259515
259516
259517
259518
259519
259520
259521
259650
259651
259652
259653
259654
259655
259656
259657
259658
259659
259660
259661
259671
259672
259733
259734
259735
259736
259737
259738
259739
259740
259741
259742
259743
259744
259745
259746
259747
259748
259749
259750
259751
259752
259753
259754
259827
259828
259829
259830
259831
259832
259833
259834
259835
259836
259855
259856
259857
259858
259859
259860
259920
259921
259922
259923
259924
259925
260007
260008
260009
260010
260011
260012
260013
260014
260015
260016
260112
260113
260114
260115
260116
260117
260225
260226
260227
260228
260229
260230
260351
260352
260353
260354
260355
260356
260375
260376
260377
260378
260379
260380
260381
260382
260383
260384
260597
260598
260599
260600
260601
260602
260701
260702
260703
260704
260705
260706
260707
260708
26072
260727
26074
260771
260860
260861
260862
260863
260864
260919
260920
260921
260922
260934
260935
260936
260937
260938
260939
261026
261027
261028
261029
261030
261031
261032
261033
261034
261066
261101
261102
261103
261104
261105
261116
261117
261118
261119
261120
261121
261122
261123
261146
261147
261148
261149
261150
261151
261152
261153
261154
261155
261156
261157
261158
261159
261160
261161
261162
261163
261164
261200
261201
261202
261203
261204
261205
261217
261218
261219
261220
261221
261222
261223
261224
261237
261238
261239
261240
261241
261256
261257
261258
261295
261296
261297
261298
261299
261300
261333
261334
261335
261336
261337
261338
261366
261367
261368
261369
261370
261371
261372
261373
261374
261455
261456
261457
261458
261459
261490
261491
261492
261493
261494
261495
261512
261513
261514
261515
261516
261517
261554
261555
261556
261557
261570
261571
261572
261742
261743
261744
261745
261746
261747
261776
261777
261778
261779
261780
261781
261916
261917
261918
261919
261920
261921
261922
261923
261924
261925
261926
261927
261928
261929
261997
261998
261999
262000
262001
262002
262034
262035
262036
262037
262038
262039
262040
262041
262064
262099
262100
262101
262102
262103
262104
262105
262106
262153
262154
262155
262156
262157
262158
262159
262160
262171
262172
262173
262174
262175
262176
262177
262178
262179
262180
262181
262182
262183
262184
262185
262187
262188
262189
262190
262191
262192
262268
262296
262297
262298
262299
262300
262301
262302
262303
262304
262305
262306
262307
262308
262309
262352
262378
262379
262389
262390
262436
262612
262613
262614
262615
262616
262617
262618
262717
262718
262719
262720
262721
262722
262739
262794
262795
262796
262797
262821
262822
262823
262824
262825
262826
262945
262962
262963
262964
262965
262966
262967
262968
262969
262970
262971
262972
262973
262974
262975
262976
262977
262988
263128
263129
263130
263131
263132
263133
263134
263135
263136
263137
263138
263139
263140
263141
263142
263143
263144
263145
263146
263147
263148
263169
263170
263171
263172
263173
263174
263175
263176
263177
263178
263179
263203
263204
263205
263206
263207
263208
263228
263229
263230
263231
263232
263233
263234
263235
263236
263237
263238
263239
263240
263241
263242
263243
263277
263278
263279
263280
263281
263282
263294
263295
263330
263331
263332
263333
263346
263347
263348
263349
263350
263351
263352
263353
263354
263435
263436
263437
263438
263439
263440
263441
263442
263484
263485
263486
263487
263488
263489
263490
263491
263492
263544
263545
263546
263547
263548
263549
263550
263551
263552
263553
263554
263555
263556
263557
263605
263606
263607
263608
263609
263610
263615
263752
263753
263754
263796
263797
263798
263799
263800
263801
263848
263849
263850
263851
263852
263853
263854
263855
263874
263875
263876
263877
263878
263879
263993
263994
263995
264059
264060
264061
264062
264063
264064
264065
264066
264067
264068
264069
264070
264071
264072
264200
264201
264311
264312
264313
264314
264315
264316
264317
264318
264339
264340
264341
264342
264343
264344
264345
264346
264347
264381
264382
264383
264384
264385
264386
264432
264433
264434
264435
264436
264491
264492
264493
264494
264495
264496
264497
264498
264499
264500
264501
264572
264573
264574
264575
264576
264577
264578
264579
264580
264581
264582
264583
264751
264752
264753
264754
264755
264756
264787
264788
264789
264790
264791
264792
264840
264841
264842
264843
264844
264845
264846
264847
264848
264849
264850
264851
264852
264853
264854
264855
264856
264857
264882
264883
264884
264885
264886
264887
264888
264889
264890
264891
264892
264985
265027
265028
265029
265030
265031
265032
265097
265098
265099
265114
265115
265116
265117
265118
265119
265120
265121
265122
265123
265124
265125
265126
265127
265128
265129
265130
265131
265156
265325
265424
265535
265536
265537
265538
265539
265540
265541
265542
265543
265554
265581
265582
265583
265584
265585
265586
265587
265588
265626
265650
265651
265652
265653
265656
265657
265658
265659
265660
265661
265866
265867
265868
265869
265870
265871
265872
265873
265874
265875
265889
265890
265891
265892
265893
265894
265914
265915
265916
266078
266079
266080
266081
266082
266083
266084
266085
266086
266087
266088
266089
266189
266190
266191
266192
266193
266194
266260
266261
266262
266263
266264
266265
266320
266321
266322
266323
266324
266325
266326
266327
266342
266343
266344
266345
266346
266347
266380
266381
266382
266383
266384
266385
266386
266387
266388
266398
266399
266400
266401
266402
266403
266404
266405
266427
266428
266429
266430
266431
266432
266433
266434
266435
266506
266507
266508
266509
266510
266511
266512
266513
266550
266572
266573
266574
266575
266576
266577
266596
266597
266598
266599
266600
266601
266628
266629
266630
266631
266632
266633
266678
266679
266680
266681
266682
266683
266684
266685
266747
266748
266749
266750
266751
266752
266759
266760
266761
266900
266964
266965
266971
266972
266973
266974
266975
266976
266977
266978
266979
266980
266981
266982
266983
267008
267009
267010
267011
267012
267013
267014
267015
267056
267057
267058
267059
267060
267061
267068
267069
267070
267071
267072
267073
267074
267075
267091
267092
267093
267094
267095
267096
267187
267188
267189
267190
267191
267192
267193
267194
267204
267205
267206
267207
267208
267209
267286
267287
267288
267289
267290
267291
267292
267293
267307
267308
267309
267310
267311
267312
267313
267354
267355
267356
267357
267376
267446
267447
267448
267449
267450
267451
267458
267459
267460
267508
267509
267510
267511
267512
267513
267572
267573
267574
267575
267576
267577
267578
267579
267580
267599
267600
267601
267602
267603
267604
267613
267614
267615
267616
267617
267618
267619
267658
267659
267660
267677
267678
267679
267680
267681
267682
267885
267926
267927
267928
267929
267930
267931
267932
267933
268119
268120
268121
268122
268123
268124
268125
268126
268127
268128
268148
268149
268150
268151
268152
268153
268154
268155
268156
268157
268158
268159
268160
268161
268187
268188
268189
268190
268191
268236
268237
268238
268239
268240
268241
268259
268260
268261
268262
268263
268264
268265
268266
268314
268315
268316
268317
268318
268319
268418
268419
268420
268421
268422
268423
268424
268425
268426
268446
268447
268448
268449
268450
268451
268452
268453
268454
268538
268539
268540
268541
268542
268543
268544
268545
268558
268559
268560
268561
268562
268563
268581
268582
268583
268584
268585
268586
268587
268588
268622
268623
268624
268625
268626
268627
268628
268629
268630
268631
268632
268633
268634
268635
268636
268637
268638
268639
268640
268641
268695
268696
268697
268698
268699
268700
268743
268744
268745
268746
268747
268748
268768
268769
268770
268771
268772
268773
268774
268775
268790
268791
268792
268881
268882
268883
268884
268885
268886
268887
268888
268889
268890
268891
268892
268893
268894
268895
268896
268918
268919
268920
268921
268922
268923
268960
268961
268962
268963
268964
268965
268966
268967
268968
268969
268970
268971
268980
268981
268982
268983
268984
268985
268986
268987
268988
268989
268990
268991
269011
269012
269075
269076
269077
269078
269079
269080
269137
269138
269139
269140
269141
269142
269143
269144
269145
269146
269147
269148
269184
269185
269188
269189
269190
269191
269192
269193
269194
269195
269196
269197
269198
269199
269200
269201
269236
269237
269238
269239
269240
269241
269349
269350
269351
269352
269353
269354
269378
269379
269380
269423
269424
269425
269426
269427
269428
269429
269430
269431
269432
269433
269434
269480
269481
269487
269502
269503
269504
269505
269506
269507
269508
269509
269510
269557
269558
269559
269560
269561
269562
269604
269605
269606
269607
269608
269619
269620
269621
269622
269623
269624
269731
269732
269733
269734
269798
269799
269800
269801
269802
269803
269826
269827
269828
269829
269830
269831
269832
269833
269867
269968
269969
269970
269971
269972
269973
270116
270117
270137
270138
270210
270211
270212
270213
270214
270215
270216
270217
270218
270472
270473
270474
270475
270476
270497
270498
270499
270500
270680
270681
270682
270683
270806
270807
270808
270809
270810
270811
270812
270879
270880
270881
270898
270899
270900
270901
270902
270903
270904
270905
270906
270907
270908
270909
270910
270911
270912
270913
270914
270915
270916
270917
270918
270919
270920
270944
270945
270946
270947
270948
270949
271088
271089
271090
271091
271092
271093
271094
271095
271096
271097
271098
271099
271186
271187
271188
271189
271190
271242
271243
271244
271245
271246
271247
271248
271314
271315
271316
271317
271318
271319
271320
271321
271322
271323
271359
271360
271361
271362
271363
271364
271452
271453
271454
271455
271456
271457
271458
271459
271460
271530
271531
271532
271533
271534
271535
271558
271559
271560
271561
271562
271593
271594
271595
271596
271597
271598
271599
271600
271632
271633
271634
271635
271636
271637
271720
271721
271722
271723
271724
271725
271869
271870
271908
271909
271910
271911
271912
271913
271914
271915
271916
271917
271919
271920
271921
271922
271923
271924
271972
271973
271974
271975
271976
271977
271978
271979
271980
271981
271982
271983
272027
272028
272029
272030
272031
272032
272068
272069
272070
272071
272072
272073
272074
272075
272312
272313
272314
272315
272316
272317
272352
272353
272354
272355
272356
272357
272358
272359
272360
272361
272362
272363
272364
272365
272366
272387
272388
272389
272390
272391
272392
272393
272394
272395
272396
272397
272398
272477
272478
272479
272480
272481
272482
272483
272484
272485
272486
272487
272488
272489
272490
272491
272514
272515
272516
272517
272518
272519
272561
272562
272563
272564
272565
272566
272567
272568
272569
272570
272601
272613
272614
272615
272616
272617
272618
272633
272634
272635
272636
272637
272638
272645
272646
272647
272648
272684
272685
272686
272687
272688
272689
272765
272766
272767
272768
272769
272770
272771
272772
2728
272931
272932
272933
272934
272935
272936
272937
272938
272939
272940
272941
272942
272943
272944
272945
272946
272954
272955
2730
273027
273028
273029
273030
273031
273032
273033
273034
273052
273053
273054
273055
273056
273067
273068
273069
273070
273071
273072
2731
273192
273193
273194
273195
273196
273197
273198
273199
273200
273201
273202
273203
2733
273442
273443
273444
273473
273474
273475
273476
273526
273559
273560
273561
273562
273563
273564
273584
273585
273586
273587
273588
273589
273590
273596
273597
273598
273599
273600
273601
273602
273603
273604
273605
273620
273661
273662
273669
273670
273671
273672
273673
273782
273783
273784
273785
273786
273787
273788
273789
273856
273857
273858
273859
273860
273861
274165
274166
274167
274168
274169
274170
274171
274172
274173
274174
274175
274176
274177
274178
274179
274180
274181
274182
274288
274289
274290
274291
274292
274310
274311
274312
274313
274314
274315
274328
274329
274330
274373
274374
274375
274376
274377
274378
274379
274380
274394
274442
274443
274444
274445
274446
274447
274448
274449
274535
274536
274537
274538
274539
274540
274541
274542
274543
274606
274607
274608
274609
274610
274611
274612
274613
274614
274615
274670
274671
274672
274673
274674
274675
274676
274677
274701
274702
274703
274704
274705
274706
274714
274715
274716
274717
274718
274719
274720
274721
274722
274723
274724
274725
274748
274749
274750
274751
274752
274753
27484
274884
274916
274917
274918
274919
274920
274921
275012
275013
275040
275041
275042
275043
275044
275045
275046
275047
275048
275124
275125
275126
275127
275128
275129
275130
275131
275132
275133
275134
275135
275185
275186
275187
275188
275189
275190
275210
275211
275212
275244
275245
275246
275247
275248
275249
275410
275411
275412
275413
275414
275415
275416
275417
275510
275511
275512
275513
275581
275582
275583
275614
275615
275616
275617
275618
275619
275620
275621
275622
275623
275890
275891
275892
275893
275894
275895
275896
275897
275898
275899
275900
275901
275902
275903
275904
275910
275911
275912
275913
275914
275915
276008
276009
276010
276011
276012
276013
276027
276028
276051
276052
276053
276054
276055
276056
276057
276058
276059
276203
276204
276205
276206
276207
276208
276261
276262
276263
276264
276265
276266
276333
276334
276335
276336
276337
276338
276339
276340
276341
276342
276343
276344
276345
276346
276347
276348
276412
276413
276414
276415
276416
276417
276418
276419
276439
276440
276441
276442
276443
276444
276445
276446
276447
276448
276449
276450
27650
276509
276510
276511
276512
276513
276514
276515
276516
276517
276518
276519
276520
276521
276522
276523
276643
276644
276645
276646
276647
276648
276805
276806
276807
276808
276809
276810
276912
276913
277016
277017
277018
277019
277020
277021
277022
277023
277024
277027
277028
277029
277030
277031
277032
277061
277062
277063
277064
277065
277066
277067
277068
277077
277109
277110
277111
277112
277113
277114
277265
277266
277267
277268
277269
277270
277271
277361
277362
277363
277364
277365
277366
277399
277400
277401
277402
277403
277404
277405
277406
277442
277443
277478
277479
277480
277481
277482
277483
277484
277485
277492
277529
277530
277531
277532
277533
277534
277555
277556
277682
277683
277684
277685
277686
277687
277688
277689
277720
277721
277722
277723
277724
277725
277726
277735
277736
277737
277738
277739
277740
277741
277742
277743
277744
277745
277746
277759
277760
277761
277762
277763
277764
277847
277848
277849
277850
277851
277852
277853
277854
277855
277903
277904
277905
277906
277907
277908
277909
277910
277973
277974
277975
277976
277977
277978
277979
277980
277981
277982
277983
277984
278024
278025
278026
278027
278028
278029
278030
278031
278032
278043
278044
278045
278046
278047
278048
278049
278050
278051
278052
278085
278086
278087
278102
278103
278104
278105
278106
278107
278108
278109
278156
278157
278158
278159
278160
278297
278298
278299
278300
278301
278302
278303
278304
278370
278371
278463
278464
278465
278466
278480
278481
278482
278483
278484
278485
278533
278534
278535
278536
278537
278538
278553
278554
278555
278556
278557
278558
278559
278601
278602
278603
278604
278605
278641
278642
278643
278644
278645
278646
278647
278741
278759
278760
278761
278763
278764
278765
278766
278767
278768
278769
278770
278822
278823
278824
278825
278826
278827
278828
278829
278880
278881
278882
278883
278884
278885
278991
279185
279186
279187
279188
279189
279190
279199
279200
279201
279202
279203
279204
279205
279206
279207
279208
279284
279285
279286
279287
279288
279289
279350
279351
279479
279480
279481
279482
279483
279484
279485
279486
279500
279501
279502
279503
279504
279616
279617
279618
279619
279620
279621
279622
279623
279663
279730
279731
279732
279733
279734
279735
279736
279737
279738
279739
279784
279785
279786
279787
279788
279789
279790
279791
279792
279809
279810
279811
279812
279813
279814
279823
279838
279839
279840
279841
279842
279843
279874
279875
279876
279877
279878
279879
279880
279881
279882
279899
279900
279901
279902
279903
279945
279946
279947
279948
279949
279950
27999
280017
280018
280019
280020
280021
280022
280023
280024
280056
280057
280058
280059
280060
280061
280062
280071
280108
280109
280110
280111
280112
280113
280114
280115
280116
280117
280118
280119
280120
280121
280122
280123
280153
280154
280155
280156
280157
280158
280159
280160
280161
280175
280176
280177
280178
280179
280180
280233
280234
280235
280236
280237
280238
280249
280250
280251
280252
280253
280254
280255
280279
280280
280281
280282
280283
280284
280329
280330
280331
280332
280333
280334
280569
280570
280571
280572
280573
280574
280597
280598
280599
280600
280601
280602
280603
280604
280678
280679
280680
280727
280728
28088
280891
280892
280893
280894
280895
280896
280897
280898
280903
280904
280905
280906
280907
280908
280909
280910
280911
280912
280913
280914
280915
280916
280917
280918
280919
280920
280987
280988
280989
280990
280991
280992
281029
281030
281031
281032
281033
281034
281043
281044
281045
281046
281047
281048
281063
281064
281065
281066
281067
281068
281069
281070
281071
281072
281286
281287
281288
281289
281412
281413
281414
281415
281604
281639
281640
281641
281642
281643
281644
281771
281772
281773
281774
281775
281776
281777
281778
281829
282005
282006
282007
282008
282009
282010
282011
282098
282099
282100
282101
282102
282103
282104
282105
282156
282157
282158
282159
282209
282210
282211
282212
282213
282214
282228
282229
282230
282231
282232
282233
282247
282248
282249
282250
282251
282252
282253
282254
282255
282256
282257
282258
282259
282260
282318
282319
282320
282321
282322
282323
282339
282340
282341
282342
282343
282344
282345
282346
282347
282348
282376
282377
282378
282379
282380
282381
282390
282391
282392
282393
282394
282395
282396
282397
282398
282399
282409
282410
282540
282541
282542
282543
282544
282545
282546
282547
282548
282549
282550
282551
282557
282558
282559
282560
282568
282569
282570
282571
282572
282573
282574
282575
28262
282622
282623
282624
282625
282626
282627
282691
282692
282693
282694
282695
282696
282697
282698
282737
282738
282739
282740
282741
282742
282743
282744
282745
282746
282766
282767
282768
282769
282770
282771
282772
282773
282774
282775
282776
282777
282778
282779
282780
282781
282844
282845
282896
282897
282898
282899
282900
282901
282902
282903
282904
282905
282906
282907
28292
282958
282959
28296
282960
282961
282962
282963
282964
282965
282966
282967
282995
282996
282997
282998
282999
283000
283001
283002
283003
283004
283005
283006
283007
283008
283009
283010
283011
283012
283013
283014
283015
283016
283132
283133
283134
283135
283136
283137
283138
283139
283140
283141
283279
283280
283281
283282
283283
283284
283285
283286
283336
283337
283338
283339
283340
283378
283379
283460
283461
283462
283463
283464
283465
283519
283520
283521
283522
283523
283524
283554
283555
283556
283557
283558
283559
283591
283592
283593
283594
283595
283596
283597
283598
283599
283644
283645
283646
283647
283648
283649
283650
283651
283652
283839
283840
283841
283842
283843
283844
283877
283878
283879
283880
283881
283882
283883
283884
283947
283948
283949
283950
283951
283952
283976
283977
284055
284056
284057
284058
284059
284060
284061
284062
284063
284064
284065
284066
284067
284068
284125
284126
284127
284128
284129
284130
284292
284293
284294
284295
284296
284297
284298
284299
284300
284371
284372
284373
284374
284375
284376
284377
284378
284379
284380
284381
284382
284383
284384
284416
284417
284418
284419
284420
284421
284552
284553
284733
284747
284748
284749
284750
284751
284752
284778
284779
284780
284781
284782
284783
284784
284785
284786
284822
284848
284849
284850
284851
284852
284853
284854
284855
284856
284989
284990
284991
284992
284993
284994
285042
285043
285044
285045
285046
285047
285048
285049
285050
285051
285052
285053
285054
285055
285204
285205
285206
285207
285245
285246
285247
285248
285249
285250
285251
285252
285254
285255
285256
285257
285329
285330
285331
285332
285333
285334
285335
285336
285337
285338
285339
285340
285341
285342
285343
285344
285423
285424
285425
285427
285428
285429
285480
285481
285482
285483
285484
285485
285486
285487
285505
285506
285507
285508
285509
285510
285511
285548
285549
285550
285551
285552
285567
285568
285569
285570
285571
285572
285573
285574
285593
285750
285751
285752
285753
285756
285757
285758
285759
285760
285782
285783
285784
285785
285786
285787
285788
285789
285863
285883
285884
285885
285892
286012
286013
286014
286015
286016
286017
286054
286187
286188
286189
286190
286191
286192
286193
286194
286195
286196
286197
286198
286199
286200
286201
286202
286203
286204
286314
286358
286359
286360
286361
286362
286363
286364
286365
286366
286367
286368
286369
286444
286445
286452
286453
286454
286455
286456
286457
286511
286512
286513
286514
286515
286516
286563
28657
28658
286712
286713
286714
286715
286716
286717
286718
286719
286808
286809
286810
286811
286813
286814
286815
286816
286817
286818
286819
286820
286821
286822
286823
286824
286825
286826
286827
286828
286829
286830
286846
286847
286848
286849
286850
286851
286914
286915
286916
286933
286934
286935
286994
286995
286996
286997
286998
286999
287000
287001
287002
287003
287004
287005
287006
287007
287156
287157
287173
287174
287175
287176
287177
287178
287179
287180
287181
287182
287204
287205
287254
287255
287256
287257
287258
287259
287383
287384
287400
287401
287402
287403
287404
287405
287412
287413
287414
287415
287416
287417
287418
287419
287420
287499
287500
287501
287502
287503
287504
287505
287506
287536
287537
287538
287539
287540
287541
287565
287566
287567
287568
287569
287570
287643
287644
287645
287646
287647
287648
287649
287650
287651
287652
287653
287654
287878
287879
287880
287881
287882
287883
287884
287885
287906
287907
287908
287909
287910
287911
287943
287944
287945
287946
287947
287948
288148
288149
288150
288151
288152
288153
288154
288155
288156
288157
288158
288273
288274
288275
288276
288277
288278
288279
288330
288331
288332
288333
288334
288335
288509
288510
288511
288512
288513
288514
288515
288516
288517
288576
288577
288578
288579
288580
288581
288650
288651
288652
288653
288654
288655
288656
288663
288664
288665
288666
288667
288668
288759
288760
288761
288762
288763
288764
288765
288766
288767
288768
288769
288770
288886
288887
288888
288889
288890
288891
288892
288893
288894
288895
289002
289003
289004
289005
289006
289007
289008
289009
289010
289011
289047
289048
289065
289066
289067
28911
28912
28913
289130
289131
289132
289133
289134
289135
289176
289192
289193
289194
289195
289196
289197
289198
289199
289200
289260
289261
289262
289263
289264
289265
289346
289347
289348
289349
289350
289351
289352
289353
289354
289452
289490
289491
289492
289493
289494
289495
289496
289497
289498
289499
289500
289501
289511
289512
289513
289514
289515
289516
289517
289518
289739
289740
289741
289742
289743
289744
289745
289746
289747
289748
289793
289794
289795
289796
289797
289798
289799
289800
289856
289857
289858
289859
289860
289861
289880
289881
289882
289883
289884
289885
289886
289887
289923
289924
289925
289926
289927
289928
289931
289932
289933
289934
289935
289936
289937
289938
289939
289940
289978
289979
289980
289981
289982
289983
289984
289985
289986
289987
290010
290011
290012
290013
290014
290015
290016
290017
290018
290019
290028
290029
290030
290031
290032
290033
290046
290047
290048
290049
290050
290051
290052
290053
290054
290055
290056
290057
290058
290059
290060
290061
290246
290247
290248
290249
290250
290251
290252
290253
290260
290261
290313
290314
290315
290316
290317
290318
290319
290320
290321
290322
290323
290368
290438
290439
290440
290441
290442
290443
290503
290504
290505
290506
290507
290508
290685
290686
290687
290688
290689
290690
290691
290692
290693
290694
290695
290696
290697
290698
290699
290700
290770
290771
290772
290773
290774
290775
290776
290835
290836
290837
290838
290839
29084
290840
290841
290842
290843
290844
290845
290846
290847
290899
290900
290901
290902
290903
290912
290913
290914
290930
290931
290932
290933
290934
290935
290954
290955
290956
290957
290958
290959
290960
290961
290962
290963
290964
290965
291039
291040
291041
291042
291043
291044
291125
291126
291127
291128
291129
291130
291131
291132
291154
291165
291166
291167
291168
291169
291170
291171
291172
291204
291205
291213
291214
291215
291216
291217
291218
291260
291261
291262
291263
291264
291265
291316
291317
291318
291319
291387
291388
291389
291390
291391
291392
291393
291394
291401
291402
291403
291404
291405
291406
291407
291408
291425
291426
291427
291428
291429
291430
291434
291435
291436
291437
291438
291439
291440
291441
291442
291443
291444
291445
291446
291447
291448
291449
291450
291451
291514
291515
291516
291517
291518
291519
291520
291521
291522
291562
291563
291564
291565
291566
291567
291589
291683
291684
291685
291686
291687
291688
291717
291718
291719
291720
291721
291722
291845
291846
291847
291848
291849
291850
291943
292028
292029
292030
292044
292045
292046
292047
292048
292049
292079
292080
292081
292082
292083
292084
292143
292144
292145
292146
292147
292148
292149
292150
292151
292152
292153
292154
292155
292156
292157
292158
292170
292186
292187
292188
292189
292190
292191
292282
292283
292284
292285
292286
292287
292298
292299
292309
292310
292311
292312
292313
292314
292315
292316
292317
292318
292442
292443
292444
292445
292446
292447
292481
292482
292483
292484
292485
292486
29263
292647
292648
292649
292650
292651
292652
292653
292654
292655
292656
292689
292690
292691
292692
292696
292728
292729
292730
292731
292732
292733
292734
292782
292783
292784
292785
292786
292787
292854
292861
292862
292863
292864
292865
292866
292867
292868
292869
292870
292871
292872
292873
292874
292875
292876
292880
292881
292882
292883
292884
292885
292886
292887
292888
292889
292890
292953
292954
292955
292956
292957
292958
292991
292992
292993
292994
292995
292996
293033
293052
293053
293054
293055
293056
293057
293065
293066
293067
293068
293069
293070
293080
293081
293082
293083
293084
293085
293223
293224
293225
293226
293227
293228
293234
293317
293318
293319
293320
293321
293338
293339
293340
293341
293342
293343
293344
293345
293346
293428
293429
293430
293431
293432
293433
293434
293435
293436
293438
293439
293440
293441
293442
293443
293444
293484
293485
293486
293487
293488
293489
293592
293593
293594
293595
293596
293597
293636
293715
293716
293717
293718
293719
293720
293721
293722
293723
293829
293830
293831
293832
293833
293834
293835
293842
293843
293844
293845
293846
293847
293856
293857
293858
293859
293860
293861
293862
293863
293864
293865
293866
293867
293874
293875
293876
293877
293878
293879
293880
294062
294063
294064
294065
294066
294067
294100
294101
294102
294103
294104
294105
294106
294107
294108
294109
294110
294111
294112
294175
294176
294177
294178
294179
294180
294181
294182
294183
294199
294200
294201
294202
294203
294204
294270
294271
294272
294273
294274
294275
294276
294277
294432
294433
294434
294435
294479
294480
294481
294482
294483
294506
294507
294550
294551
294552
294553
294554
294638
294639
294640
294641
294642
294643
294644
294645
294646
294647
294709
294710
294711
294712
294713
294714
294715
294716
294775
294776
294777
294778
294779
294780
294781
294782
294783
294784
294785
294839
294840
294841
294842
294843
294844
294845
294846
294847
294848
294849
294850
294851
294852
294853
294890
294891
294892
294893
294894
294895
294896
294897
294898
294899
294900
294901
294991
294992
294993
294994
294995
294996
295034
295035
295036
295037
295038
295039
295040
295041
295043
295044
295199
295200
295201
295202
295203
295204
295265
295266
295267
295268
295269
295270
295271
295374
295375
295376
295377
295378
295379
295380
295381
295453
295454
295455
295485
295486
295487
295488
295489
295490
295491
295492
295499
295500
295501
295530
295531
295532
295533
295534
295535
295559
295560
295561
295562
295563
295564
295565
295566
295567
295568
295569
295570
295571
295572
295573
295578
295579
295580
295581
295582
295583
295584
295585
295586
295599
295600
295601
295602
295603
295604
295624
295625
295626
295627
295628
295629
295648
295649
295650
295651
295652
295653
295654
295759
295760
295786
295787
295788
295789
295790
295791
295912
295913
295914
295915
295916
295917
295918
295919
295920
295921
295922
295923
295924
295925
295926
295927
295987
295988
295989
295990
295991
295992
295993
295994
295995
296044
296045
296046
296047
296048
296049
296050
296051
296052
296113
296114
296115
296116
296117
296118
296119
296120
296121
296122
296162
296163
296164
296165
296295
296296
296297
296298
296299
296362
296375
296376
296377
296378
296379
296380
296491
296492
296493
296501
296502
296503
296504
296505
296506
2966
296607
296608
296609
296653
296654
296655
296656
296657
296658
296659
296660
296661
296686
296687
296688
296689
296690
296691
296692
296693
296694
296695
296696
296697
296698
296699
296700
296715
296716
296717
296718
296719
296720
296831
296832
296833
296834
296835
296836
296837
296838
296839
296840
296841
296842
296843
296844
296927
296928
296929
296930
296931
296932
296933
297049
297050
297051
297052
297053
297054
297055
297116
297117
297118
297119
297120
297121
297284
297285
297286
297287
297288
297289
297290
297291
297292
297293
297294
297295
297321
297322
297323
297324
297334
297335
297336
297337
297338
297339
297355
297356
297357
297358
297359
297360
297361
297362
297500
297501
297502
297527
297528
297529
297530
297531
297532
297551
297554
297555
297556
297557
297558
297559
297560
297613
297627
297628
297629
297630
297631
297632
297661
297662
297663
297664
297665
297666
297681
297682
297683
297722
297723
297724
297725
297726
297727
297785
297786
297787
297788
297789
297790
297791
297792
297793
297794
297795
297796
297797
297798
297799
297847
297848
297849
297850
297851
297852
297930
297931
297932
297933
297934
297935
297936
297937
297938
297939
297940
297941
297942
297943
297944
297945
297946
297947
297948
297949
297950
297973
297974
297992
297993
297994
297995
297996
297997
297998
297999
298045
298046
298164
298165
298166
298167
298168
298169
298170
298171
298201
298202
298203
298204
298205
298206
298207
298208
298209
298210
298281
298282
2983
298311
298312
298313
298314
298315
298316
2984
298510
298511
298512
298513
298514
298515
298586
298587
298588
298589
298590
298591
298592
298593
298594
298601
298602
298603
298604
298605
298606
298607
298608
298621
298622
298623
298624
298625
298626
298627
298628
298629
298630
298631
298632
298693
298694
29879
298791
298792
298793
298794
298795
298796
298822
298823
298824
298831
298832
298833
298834
298835
298836
298837
298838
298846
298847
298848
298849
298850
298851
298852
298853
298854
298855
298990
298991
298992
298993
298994
298995
299052
299053
299054
299055
299056
299057
299074
299181
299182
299187
299188
299189
299190
299191
299192
299243
299244
299245
299246
299306
299307
299308
299309
299310
299311
299358
299359
299360
299361
299362
299363
299364
299365
299366
299367
299368
299431
299432
299433
299434
299435
299436
299437
299540
299541
299542
299543
299544
299545
299637
299638
299639
299640
299641
299642
299798
299799
299800
299801
299802
299803
299804
299805
299828
299890
299966
299967
299968
299969
299970
299971
299972
299973
299974
299975
299988
299989
300093
300094
300095
300096
300097
300098
300099
300100
300101
300102
300103
300163
300164
300165
300166
300167
300168
300169
300170
300171
300172
300173
300174
300181
300218
300219
300220
300221
300222
300223
300224
300225
300226
300227
300228
300229
300258
300259
300260
300261
300262
300263
300322
300378
300379
300380
300381
300382
300383
300384
300385
300448
300449
300450
300451
300452
300453
300454
300455
300508
300509
300510
300511
300512
300513
300514
300515
300516
300517
300581
300582
300583
300584
300585
300586
300646
300647
300648
300649
300650
300651
300697
300698
300699
30070
300700
300701
300702
300703
300704
300705
300706
300707
300708
30071
300787
300788
300789
300790
300791
300792
300804
300842
300843
300875
300905
300906
300907
300908
300919
300920
300921
300922
300923
300924
300928
300929
300930
300931
300932
300933
300934
300935
300936
301007
301008
301009
301010
301011
301012
301013
301014
301080
301081
301082
301130
301131
301256
301257
301258
301320
301321
301322
301323
301324
301325
301356
301357
301358
301359
301360
301361
301441
301442
301443
301444
301445
301446
301447
301461
301462
301463
301464
301465
301466
301471
301472
301473
301474
301475
301476
301477
301478
301492
301493
301494
301495
301496
301497
301507
301508
301509
301510
301511
301512
301513
301514
301515
301516
301517
301589
301590
301591
301592
301593
301594
301595
301596
301635
301636
301637
301638
301639
301640
301641
301642
301683
301684
301685
301686
301687
301688
301689
301690
301691
301692
301759
301760
301761
301762
301763
301764
301771
301772
301773
301774
301775
301776
301803
301804
301805
301806
301807
301808
301809
301810
30186
301875
301876
301877
301878
301879
301880
301881
301882
301883
301884
302031
302032
302033
302034
302035
302036
30204
30205
302060
302061
302062
302063
302064
302065
302096
302097
302098
302099
30210
302100
302101
302102
30211
302193
302194
302195
302196
302197
302198
302212
302213
302214
302215
302216
302217
302218
302219
302271
302272
302273
302274
302275
302276
302336
302337
302338
302339
302340
302341
302342
302343
302344
302345
302346
302347
302348
302349
302479
302480
302481
302482
302483
302484
302649
302650
302651
302652
302653
302654
302655
302656
302657
302658
302659
302660
302676
302677
302678
302679
302680
302681
302682
302683
302684
302685
302686
302687
302688
302689
302690
302729
30273
302733
302734
302735
302736
302737
302738
30274
30275
302764
30277
302863
302864
302865
302866
302867
302868
302869
302870
302871
302873
302874
302875
302876
302877
302878
302879
302880
302881
302882
302883
302884
302885
302950
302951
302952
302953
302954
302955
302956
302957
303126
303127
303128
303129
303130
303131
303132
303133
303142
303143
303144
303145
303274
303275
303276
303277
303278
303279
303280
303281
303282
303283
303463
303464
303465
303466
303467
303468
303469
303514
303515
303516
303517
303551
303552
303553
303554
303555
303684
303685
303686
303778
303779
303780
303781
303782
303783
303784
303785
303819
303823
303844
303845
303846
303847
303848
303849
303856
303857
303858
303859
303860
303861
303862
303863
303864
303865
303866
303867
303868
303869
303905
303906
303907
303908
303909
303910
303911
303912
304014
304046
304047
304048
304049
304050
304051
304052
304053
304054
304090
304091
304092
304093
304094
304102
304103
304104
304105
304106
304107
304108
304109
304144
304145
304146
304147
304148
304149
304200
304201
304202
304224
304225
304226
304227
304228
304229
30427
30428
30431
30433
30435
304356
304357
30444
304453
304454
304455
304456
304457
304458
304459
304460
304461
304462
304463
304464
304543
304544
304545
304546
304547
304548
304557
304558
304559
304560
304561
304562
304601
304646
304647
304648
304649
304650
304651
304652
304653
304654
304655
304656
304657
304658
304659
304670
304671
304672
304673
304674
304675
304676
304677
304749
304756
304757
304758
304759
304760
304761
304762
304763
304764
304962
304963
304964
304965
304966
304967
304968
304979
304980
304981
304982
304983
304984
305000
305178
305179
305246
305247
305248
305249
305250
305251
305261
305262
305263
305264
305265
305266
305298
305334
305335
305336
305337
305350
305460
305461
305462
305463
305464
305465
305466
305467
305468
305469
305470
305471
305532
305580
305581
305582
305583
305584
305585
305601
305602
305603
305604
305605
305606
305607
305608
305609
305610
305611
305622
305623
305624
305625
305626
305627
305654
305655
305656
305658
305714
305715
305716
305717
305718
305719
305807
305808
305809
305810
305811
305812
305813
305814
305815
305816
305830
305831
305832
305833
305834
305885
305886
305887
305888
305889
305890
305891
305892
305937
305938
305939
305940
305941
305942
305943
305944
305945
305946
305947
305948
305961
305962
305963
305964
305965
305966
305987
305988
305989
305990
305991
305992
305993
305994
305995
305996
305997
305998
305999
306000
306001
306192
306193
306194
306195
306196
306197
306198
306199
306200
306201
306202
306203
306204
306205
306245
306246
306247
306304
306305
306325
306326
306327
306328
306329
306330
306331
306332
306333
306334
306335
306336
306499
306500
306521
306522
30654
30656
30657
30658
306624
306625
306626
306627
306628
306629
306630
306631
306632
30665
306661
306662
306663
306664
306665
306666
306774
306775
306776
306777
306778
306779
306788
306789
306790
306791
306792
306793
306803
306958
306959
306960
306961
306962
306963
306964
306965
306966
306967
306968
307152
307153
307154
307155
307156
307157
307158
307159
307160
307161
307162
307253
307300
307301
307302
307303
307304
307305
307306
307307
307308
307309
307310
307311
307312
307313
307314
307315
307316
307317
307318
307319
307320
307321
307322
307323
307324
307325
307426
307427
307458
307459
307460
307461
307462
307463
307464
307465
307466
307467
307468
307469
307470
307496
307497
307498
307499
307500
307501
307502
307503
307516
307517
307518
307519
307520
307521
307522
307523
307524
307525
307535
307536
307668
307669
307670
307671
307672
307673
307744
307745
307746
307792
307806
307837
307838
307839
307840
307841
307842
307908
307909
307939
307940
307941
307942
307943
307944
308231
308232
308233
308234
308235
308236
308237
308238
308239
308356
308357
308358
308359
308360
308361
308362
308363
308364
308365
308470
308471
308472
308473
308474
308475
308476
308485
308486
308487
308488
308489
308490
308538
308539
308540
308541
308542
308543
308611
308612
308613
308614
308615
308616
308617
308618
308635
308636
308637
308638
308639
308640
308641
308642
308643
308644
308645
308646
308677
308678
308679
308680
308681
308682
308689
308690
308691
308737
308738
308739
308740
308741
308742
308743
308769
308770
308771
308772
308773
308774
308775
308776
308777
308871
308872
308873
308874
308906
308907
308908
308909
308910
308911
308912
308913
308914
308915
308916
308917
308931
308932
308951
308952
308953
308954
308955
308956
308967
308968
308969
308970
308971
308972
308994
308995
308996
308997
308998
308999
309025
309026
309027
309028
309029
309030
309033
309034
309035
309036
309037
309038
309039
309040
309041
309042
309052
309053
309054
309055
309056
309057
309097
309098
309099
309100
309101
309139
309140
309141
309142
309143
309144
309149
309150
309151
309152
309153
309154
309224
309225
309277
309278
309279
309280
309370
309371
309372
309373
309374
309375
309376
309377
309490
309491
309492
309493
309494
309495
309496
309497
30953
30954
30956
309597
309604
309605
309606
309607
309608
309609
309610
309611
309612
309642
309650
309651
309652
309653
309654
309655
309656
309657
309717
309718
309719
309720
309721
309722
309768
309769
309770
309771
309772
309773
309774
309775
309776
309777
309778
309779
309780
309781
309782
309783
309784
309785
309786
309787
309788
309789
309790
309791
309949
309950
309951
309952
309953
309954
309955
310005
310006
310007
310008
310009
310010
310011
310012
310025
310026
310027
310028
310029
310030
310031
310032
310033
310034
310185
310186
310187
310188
310189
310190
310247
310248
310249
310250
310251
310252
310253
310254
310390
310391
310392
310393
310394
310395
310396
310397
310398
310399
310400
310401
310402
310403
310404
310405
310411
310412
310413
310414
310415
310416
310417
310418
310419
310420
310421
310465
310466
310467
310468
310469
310470
310471
310472
310473
310474
310475
310476
310477
310478
310649
310650
310651
310695
310696
310703
310704
310705
310706
310707
310708
310709
310710
310711
310712
310713
310723
310724
310725
310726
310727
310728
310729
310730
310807
310808
310809
310810
310811
310812
310865
310866
310874
310875
310876
310877
310878
310879
310880
310924
310925
310926
310927
310928
310929
31095
311005
311006
311007
311036
311075
311076
311077
311078
311079
311080
311148
311149
311150
311151
311152
311153
311265
311266
311267
311268
311269
311270
311318
311319
311320
311321
311322
311323
311334
311335
311336
311337
311338
311339
311340
311341
311342
311343
311344
311345
311346
311347
311389
311390
311391
311392
311393
311394
311427
311428
311429
311430
311431
311432
311433
311434
311591
311592
311593
311594
311595
311596
311650
311651
311652
311653
311654
311655
311738
311739
311740
311741
311742
311743
311785
311940
311941
311954
311955
311956
311957
311958
311959
312016
312017
312018
312019
312020
312021
312051
312052
312073
312074
312075
312076
312077
312078
312151
312155
312156
312157
312158
312159
312160
312161
312162
312163
312326
312327
312328
312329
312330
312331
312332
312333
312334
312335
312336
312337
312348
312349
312350
312351
312352
312353
312354
312355
312376
312377
312378
312379
312380
312381
312388
312389
312390
312391
312522
312523
312524
312525
312526
312527
312528
312529
312606
312607
312608
312609
312610
312611
312612
312613
312614
312671
312672
312673
312684
312685
312686
312687
312688
312689
312690
312691
312692
312693
312696
312697
312698
312699
312712
31273
31274
312758
312759
31276
312760
312761
312762
312763
312764
312765
312766
31280
312808
312809
312810
312811
312812
312813
312817
312825
31286
312890
312891
312892
312893
312936
312937
312938
312939
312940
312941
312942
312943
312944
313026
313027
313028
313029
313030
313031
313081
313082
313083
313084
313085
313086
313087
313088
313089
313090
313091
313092
313093
313094
313095
313096
31315
313164
313183
313195
313196
313197
313198
313199
313201
313202
313203
313204
313226
313227
313228
313229
313230
313231
313259
313260
313261
313262
313263
313264
313265
313266
313267
313268
313269
313270
313271
313272
313273
313274
313293
313294
313295
313296
313297
313298
313299
313300
313301
313302
313303
313304
313305
313306
313400
313401
313402
313403
313434
313435
313436
313437
313438
313439
313440
313441
313442
313452
313453
313454
313455
313456
313457
313492
313493
313513
313514
313515
313516
313517
313518
313540
313541
313542
313543
313544
313545
313546
313547
313548
313549
313550
313569
313570
313571
313572
313573
313574
313575
313576
313577
313578
313579
313580
313581
313582
313583
313584
313585
313716
313717
313718
313719
313720
313721
313722
313723
313734
313735
313736
313737
313738
313739
313860
313861
313862
313863
313864
313865
313866
313867
313868
313869
313870
313871
313872
313873
313874
313915
313916
313917
313918
313919
314015
314039
314040
314041
314042
314043
314044
314141
314142
314143
314144
314145
314146
314156
314157
314158
314159
314160
314161
314316
314317
314318
314319
314320
314321
314371
314372
314373
314374
314375
314376
314377
314420
314421
314422
314423
314424
314425
314442
314443
314444
314445
314446
314447
314576
314577
314578
314579
314580
314581
314582
31459
314693
314694
314695
314696
314697
314698
314699
314700
314732
314733
314734
314735
314736
314760
314761
314762
314763
314764
314765
314766
314785
314786
314787
314788
314789
314790
314791
314792
314793
31480
314825
314826
314827
314828
314829
31483
314830
314831
314832
314833
314834
314841
314842
314843
314844
314845
314846
314864
314865
314866
314867
314868
314945
314946
314947
314948
314949
314950
315087
315088
315089
315090
315091
315092
315093
315094
315095
315096
315097
315098
315103
315104
315105
315106
315107
315108
315109
315110
315111
315112
315113
315114
315115
315116
315117
315118
315119
315120
315121
315122
315136
315137
315138
315139
315140
315141
315224
315225
315226
315227
315228
315229
315243
315244
315245
315246
315247
315248
315296
315297
315298
315299
315300
315301
315317
315318
315319
315320
315321
315322
315347
315348
315349
315350
315351
315352
315353
315354
315355
315356
315357
315358
315394
315395
315396
315397
315398
315399
315473
315474
315475
315476
315477
315478
315508
315509
315510
315511
315512
315513
315514
315584
315585
315586
315587
315588
315589
315590
315591
315592
315593
315642
315643
315644
315645
315646
315647
315648
315649
315650
315651
315652
315653
315654
315655
315704
315705
315706
315707
315708
315709
315737
315738
315739
315740
315741
315742
315833
315834
315835
315836
315837
315838
315839
315840
31606
316128
316129
316130
316131
316132
316133
316134
316135
316136
316171
316172
316173
316174
316175
316176
316177
316178
316179
316211
316212
316213
316214
316215
316216
316217
316218
316219
316334
316335
316336
316337
316338
316339
316407
316408
316409
316410
316411
316412
316413
316414
316415
316416
316417
316418
316419
316460
316461
316462
316463
316464
316465
316466
316467
316468
316469
316470
316499
316500
316501
316502
316503
316504
316693
316694
316695
316696
316697
316698
316761
316918
316919
316920
316921
316922
316923
316974
316975
316976
316977
316978
316979
316980
316981
316982
316983
316984
317174
317175
317176
317177
317178
317179
317242
317243
317244
317245
317246
317247
317248
317249
317250
317257
317258
317259
317260
317261
317262
317263
317264
317265
317266
317267
317268
317281
317282
317283
317284
317285
317286
317298
317299
317300
317301
317302
317303
317402
317403
317404
317405
317406
317407
317408
317409
317410
317411
317412
317413
317414
317415
317416
317417
317418
317419
317463
317464
317465
317466
317467
317468
317469
317470
317471
317472
317473
317474
317475
317587
317588
317589
317590
317591
317592
317593
317594
317643
317714
317752
317753
317754
317755
317756
317757
317758
317759
317760
317761
317763
317764
317765
317766
317767
317768
317769
317770
317775
317776
317777
317778
317779
317780
317873
317874
317875
317876
317877
317878
317879
317880
317881
317882
317883
317884
317915
317916
317917
317918
317919
317920
317921
317922
317923
317959
317960
317961
317962
317963
317964
317965
317966
317967
317968
317969
317971
317972
317973
317974
317975
317976
317995
317996
317997
317998
318137
318138
318139
318140
318141
318142
318216
318217
318218
318219
318220
318221
318222
318223
318233
318234
318235
318236
318237
318238
318239
318240
318283
318284
318285
318286
318287
318288
318289
318290
318291
318292
318302
318303
318304
318305
318306
318307
318308
318309
318310
318320
318321
318322
318323
318324
318325
318413
318467
318468
318469
318470
318471
318472
318473
318474
318475
318476
318485
318486
318487
318488
318489
318490
31860
31861
31862
31863
318647
318648
318649
318650
318651
318652
318653
318654
318655
318656
318657
318658
31873
318750
318751
318752
318753
318754
318755
318756
318757
318793
318801
318802
318803
318804
318805
318806
318807
318808
318823
318824
318825
318826
318827
318828
318829
318830
318848
318849
318850
318851
318852
318853
318854
318855
318856
318930
318976
318977
318978
318979
318980
318981
319051
319052
319053
319054
319111
319112
319113
319114
319115
319116
319117
319118
319119
319161
319162
319163
319164
319165
319166
319167
319168
319169
319170
319182
319183
319184
319185
319186
319187
319188
319189
319190
319207
319208
319209
319210
319211
319212
319239
319240
319241
319242
319243
319244
319265
319266
319267
319268
319269
319270
319420
319421
319422
319423
319424
319425
319426
319427
319428
319438
319439
319440
319441
319442
319443
319444
319494
319495
319496
319497
319498
319499
319500
319501
319502
319503
319504
319505
319522
319523
319524
319525
319598
319599
319600
319601
319602
319603
319604
319615
319616
319617
319618
319619
319620
319621
319684
319685
319686
319687
319688
319689
319690
319691
319733
319734
319735
319736
319737
319738
319739
319740
319827
319828
319829
319830
319831
319832
319847
319848
319849
319850
319851
319852
319853
319854
319855
319976
319977
319978
319979
319980
319981
319982
319995
319996
319997
319998
319999
320000
320001
320002
320003
320004
320005
320006
320007
320008
320009
320010
320011
320012
320013
320162
320163
320164
320165
320166
320167
320168
320169
320170
320171
320201
320202
320203
320204
320205
320206
320207
320208
320209
320210
320245
320246
320247
320248
320249
320250
320251
320252
320253
320332
320333
320334
320335
320336
320337
320338
320355
320422
320423
320424
320425
320426
320427
320428
320429
320430
320431
320432
320433
320434
320435
320436
320437
320438
320439
320440
320441
320442
320443
320560
320561
320562
320563
320564
320565
320566
320567
320568
320569
320570
320571
320572
320573
320574
320575
320576
320577
320578
320618
320619
320620
320621
320622
320623
320624
320625
320626
320670
320671
320672
320673
321451
321452
321453
321454
321455
321456
321494
321495
321496
321497
321498
321499
321500
321501
321597
321598
321599
321600
321601
321602
321603
321604
321660
321661
321662
321663
321664
321688
321689
321690
321691
321692
321727
321728
321827
321828
321829
321830
321831
321832
321875
321876
321877
321878
321879
321880
321881
321882
321928
321929
321930
321931
321932
321933
321934
321935
321936
321937
321938
321939
321940
321941
321942
321943
321944
321945
321946
321947
321948
321949
321950
321951
321960
321961
321962
321963
321964
321965
321981
321982
321983
321984
321985
321986
321987
321988
321989
321990
321993
321994
322187
322188
322189
322190
322191
322192
322193
322200
322201
322202
322203
322204
322205
322238
322239
322240
322241
322242
322243
322244
322245
322246
322247
322248
322249
322250
322254
322255
322350
322351
322352
322353
322354
322355
322356
322357
322358
322359
322360
322361
322401
322402
322403
322404
322405
322406
322407
322408
322409
322410
322411
322412
322413
322414
322500
322501
322502
322503
322504
322505
322506
322507
322508
322551
322552
322553
322554
322555
322556
322557
322558
322559
322560
322561
322566
322567
322568
322569
322570
322571
322572
322573
322574
322575
322578
322579
322580
322581
322582
322583
322605
322606
322607
322608
322609
322610
322613
322614
322615
322616
322617
322618
322680
322681
322682
322683
322684
322685
322686
322687
322688
322689
322690
322691
322703
322704
322705
322706
322707
322708
322709
322710
322711
322712
322713
322714
322715
322716
322744
322745
322746
322747
322748
322749
322750
322751
322772
322773
322774
322775
322776
322777
322778
322789
322790
322791
322792
322793
322794
322795
322796
322797
322798
322799
322800
322810
322811
322812
322813
322814
322815
322816
322817
322818
322825
322826
322827
322828
322829
322830
322831
322832
322901
322952
322953
322954
322955
322956
322957
322958
322959
322992
322993
322994
322995
322996
322997
322998
322999
323000
323001
323002
323003
323004
323005
323006
323007
323008
323009
323074
323196
323197
323198
323199
323200
323201
323260
323261
323262
323263
323264
323265
323343
323344
323345
323346
323347
323348
323368
323369
323370
323371
323372
323373
323374
323375
323376
323377
323378
323379
323380
323381
323382
323383
323384
323385
323414
323415
323416
323417
323418
323419
323420
323501
323502
323503
323504
323505
323506
323634
323635
323636
323637
323638
323639
323646
323647
323648
323649
323650
323651
323710
323711
323712
323713
323714
323818
323819
323820
323821
323822
323823
323831
323832
323833
323834
323835
323836
323837
323838
323839
323878
323879
323880
323888
323889
323890
323891
323892
323893
323894
323895
323896
323897
323913
323914
323915
323916
323917
323918
323919
323920
323921
323922
323923
323924
323985
323986
323987
323988
324039
324053
324054
324097
324098
324099
324100
324115
324116
324117
324118
324119
324120
324121
324133
324142
324143
324144
324145
324146
324147
324148
324149
324183
324241
324242
324308
324309
324371
324372
324373
324374
324375
324437
324519
324694
324695
324696
324697
324698
324699
324714
324715
324716
324717
324718
324719
324720
324721
324722
324723
324724
324794
324795
324796
324797
324798
324799
324800
324801
324802
324803
324804
324805
324806
324807
324808
324809
324826
324827
324838
324839
324840
324841
324842
324843
324848
324849
324850
324851
324852
324853
324864
324865
324866
324867
324868
324869
324870
324871
324872
324873
324874
324875
324949
324950
324951
324952
324953
324954
324995
324996
324997
324998
324999
325000
325001
325002
325003
325004
325167
325168
325169
325170
325171
325172
325195
325196
325197
325198
325199
325200
325201
325202
325203
325204
325205
325228
325229
325230
325231
325232
325233
325234
325235
325236
325237
325238
325239
325240
325241
325242
325243
325244
325245
325298
325299
325300
325301
325302
325303
325445
325446
325461
325462
325463
325464
325481
325482
325483
325484
325485
325486
325544
325545
325546
325547
325548
325549
325564
325565
325566
325567
325568
325569
325570
325571
325771
325772
325773
325774
325775
325776
325857
325949
325950
325951
325991
325992
325993
325994
325995
325996
326060
326061
326062
326063
326064
326065
326115
326116
326117
326118
326119
326120
326186
326187
326188
326189
326206
326207
326317
326318
326319
326320
326321
326322
326323
326324
326325
326326
326327
326328
326329
326330
326331
32640
32641
32642
326542
326543
326544
326545
326546
326547
326548
326549
326550
326601
326602
326609
326610
326611
326612
326613
326614
326615
326616
326674
326675
326676
326677
326678
326679
326801
326802
326803
326804
326805
326806
326807
326808
326809
326810
326811
326881
326882
326883
326884
326885
326920
326921
326922
326923
326924
326925
326926
326927
326934
326935
326936
326937
326938
326939
326993
327110
327111
327112
327113
327114
327115
327116
327117
327118
327119
327121
327122
327123
327145
327146
327147
327148
327149
327150
327151
327152
327240
327253
327262
327263
327264
327265
327266
327267
327304
327305
327306
327307
327308
327309
327310
327311
327312
327313
327314
327323
327324
327325
327326
327327
327328
327438
327439
327440
327441
327455
327456
327457
327458
327517
327518
327519
327520
327521
327522
327593
327594
327621
327622
327623
327624
327625
327626
327627
327628
327629
327630
327631
327632
327633
327667
327668
327669
327670
327671
327672
327673
327674
327675
327676
327702
327703
327704
327705
327781
327782
327783
327784
327785
327786
327787
327788
327795
327796
327797
327891
328062
328063
328064
328157
328158
328159
328160
328161
328162
328163
328164
328165
328166
328167
328168
328169
328170
328171
328172
328173
328188
328189
328190
328191
328192
328193
328194
328195
328196
328197
328274
328275
328276
328277
328278
328279
32854
33419
33814
33953
33954
34448
34456
34587
34649
34661
34858
34862
34865
34866
34879
34880
34883
35073
35281
36954
37016
37018
38420
38422
38423
38430
38431
39167
39185
39645
39646
39650
39651
39660
39668
39676
40160
40297
40298
40299
40300
40301
40403
40406
40419
40463
40465
40493
40495
40499
40500
40506
40510
40576
40625
40770
40805
40809
40810
40811
40836
40896
41341
41343
41344
4135
41357
41358
41359
4137
4138
4139
41452
41453
41454
41463
41464
41465
41466
41467
41468
41469
41475
41478
41481
41548
41552
41562
41563
41580
41591
41674
42039
42041
42241
42286
42308
42310
42313
42366
42401
42405
42450
42614
42617
42780
42864
43001
43033
43070
43125
43187
43188
43225
43227
43229
43230
43231
43232
43233
43234
43235
43236
43237
43239
43240
43241
43242
43253
43262
43264
43265
43266
43268
43484
43487
43553
43657
43690
43694
43881
43882
43891
43895
43925
43926
43927
43929
43932
43939
43943
43946
44006
44080
44275
44276
44277
44278
44279
44280
44282
44283
44284
44285
44286
44287
44289
44290
44291
44292
44293
44460
44517
44521
44607
44610
44876
44907
44979
45076
45078
45083
45085
45154
45362
4545
4548
4549
4551
4552
4553
4554
45611
45665
45750
45752
45794
4586
4587
4588
4589
45902
45909
4591
45961
45963
45994
46108
46109
46111
46268
46302
46303
46304
46305
46306
46309
46310
46311
46338
46343
46346
46360
46364
46413
46545
46546
47194
47253
47254
47255
47259
47412
47413
47414
47416
47441
47487
47773
47774
47805
48211
48326
48572
48608
48609
48610
48649
48668
48669
48670
48671
48672
48674
48675
48676
48677
48678
48679
48680
48681
48682
48683
48696
48701
48702
48703
48704
48706
48707
48708
48709
48712
48714
48715
48717
48720
48722
48724
48742
48743
48746
48747
48748
48750
48752
48753
48754
48755
48757
48758
48759
48760
48761
48762
48964
48972
48973
49296
49314
49316
49317
49318
49319
49321
49345
49347
49348
4935
49350
49352
49353
49356
49360
49361
49363
49364
49365
49367
49368
49369
49370
49371
49372
49378
49381
49383
49384
49387
49389
49390
49391
49392
49393
49398
49399
49402
49403
49404
49405
49406
49407
49408
49409
49411
49412
49414
49415
49417
49420
49421
49428
49429
49430
49431
49433
49434
49435
49436
49437
49643
49644
49645
49668
49679
49680
49713
49715
49720
49721
49722
49729
49736
49783
49784
49785
49840
49841
49842
49913
49935
49936
49937
49968
49971
49972
50045
50155
50177
50308
50384
50385
50391
50440
50441
50539
50561
5058
5060
50601
50603
50604
50605
5061
5063
50636
5066
5067
50673
50699
50701
50703
50704
50706
50708
50714
50715
50716
50717
50735
50736
50737
50738
50740
50741
50743
50749
51035
51036
51037
51038
51039
51042
51043
51044
51045
51046
51047
51048
51050
51051
51065
51066
51067
51069
51070
51071
51072
51073
51074
51075
51077
51080
51084
51085
51086
51087
51090
51097
51098
51100
51102
51103
51104
51105
51106
51107
51109
51110
51111
51113
51115
51118
51119
51120
51121
51137
51194
51221
51227
51298
51301
51337
51443
51758
51793
5180
52001
5221
52215
52239
52255
52266
52283
52292
52345
5246
52543
52895
52925
53021
53026
53179
53241
53244
53451
53537
53552
53562
53594
53609
53610
53705
53706
53717
53755
53835
53873
53874
53952
54001
54092
54181
54205
54222
54281
54353
54443
54573
54575
54576
54599
54644
54645
54653
54656
54665
54666
54677
54678
54767
54784
55168
55170
55239
55240
55252
55254
55257
55258
55259
55261
55262
55273
55274
55299
55302
55313
55314
55342
55343
55344
55345
55347
55365
55394
55403
55431
55443
55476
55534
55537
55564
55604
55610
55962
55967
56153
56291
56349
56495
56638
56642
56708
56737
57027
57134
57158
57195
57466
57487
57578
57770
57772
57864
57881
57903
57907
57910
57924
57979
5800
5801
5802
5803
58039
5805
58082
58083
58085
58087
58090
58093
58094
58095
58096
5810
58100
58101
58102
58103
58104
58107
58109
58110
58111
58112
58113
58114
58115
58116
58117
58118
58119
58128
58129
58130
58131
58132
58133
58134
58135
58136
58139
58141
58147
58148
58149
58150
58151
58152
58153
58154
58155
58156
58157
58158
58159
58161
58162
58163
58164
58165
58166
58167
58168
58169
58170
58390
58442
58456
58458
58477
58495
58498
58499
58501
58531
58589
58590
58648
58733
58772
58773
58889
58891
58938
58940
58941
58985
58987
59024
59026
59027
59065
59069
59090
59124
59175
59236
59265
59266
59267
59368
59388
59448
59453
59514
59524
5954
5956
5957
59597
59634
59635
59655
59686
59738
59739
59754
59889
59906
59936
59969
59971
59973
59974
60478
60480
60495
60502
60522
60523
60528
60531
60532
60535
60536
60545
60549
60601
60680
60820
60911
60992
61009
61182
61184
61186
61189
61192
61194
61195
61196
61197
61199
61200
61202
61203
61204
61206
61211
61212
61213
61219
61220
61273
61274
61275
61276
61277
61279
61334
61405
61413
61561
61694
62194
62195
62196
62197
62198
62200
62202
62203
62205
62206
62207
62208
62209
62210
62211
62212
62213
62214
62216
62217
62219
62285
62319
62346
62347
62441
62471
62472
62479
62481
62502
62532
62774
62855
62956
62957
62960
63027
63043
63044
63045
63046
63047
63048
63049
63050
63108
63109
63111
63112
63113
63116
63117
63118
63119
63120
63121
63123
63125
63126
63127
63129
63130
63131
63132
63134
63137
63138
63139
63140
63141
63150
63151
63152
63153
63176
63196
63197
63213
63234
63244
63274
63286
63301
63302
63304
63306
63308
63310
63311
63312
63314
63316
63318
63319
63320
63321
63322
63323
63324
63326
63327
63328
63330
63331
63332
63333
63334
63335
63355
63363
63364
63365
63366
63367
63368
63369
63370
63371
63372
63373
63374
63376
63377
63378
63379
63380
63381
63382
63383
63384
63385
63386
63387
63391
63392
63394
63395
63396
63399
63400
63401
63402
63407
63408
63409
63410
63411
63412
63413
63414
63415
63416
63417
63418
63419
63420
63421
63422
63423
63427
63428
63429
63430
63432
63433
63434
63462
63488
63708
63714
63715
63825
6384
63842
6385
6386
6388
6389
6390
63935
63971
63977
64059
64081
64094
64101
64122
64123
64128
64129
64130
64131
64385
64389
64423
64430
64443
64472
64510
64513
64515
64565
64637
64675
64707
64708
64869
64900
64984
64985
65027
65079
65108
65180
65195
65196
65231
65238
65239
65240
65241
65242
65253
65259
65260
65295
65370
65395
65410
65422
65430
65432
65433
65435
65463
65471
65480
65503
65504
65505
65506
65513
65520
65529
65537
65541
65550
65551
65552
65553
65554
65555
65556
65557
65558
65560
65561
65637
65638
65639
65640
65641
65642
65643
65644
65646
65647
65658
65659
65663
65664
65665
65667
65668
65670
65673
65676
65677
65682
65683
65688
65691
65692
65693
65695
65704
65717
65727
65737
65740
65755
65761
65763
65802
65840
65848
65915
65916
66093
66094
66095
66096
66097
66098
66099
66100
66101
66102
66103
66104
66105
66106
66108
66109
66110
66111
66113
66116
66118
66119
66121
66122
66123
66124
66125
66126
66127
66128
66129
66132
66133
66134
66135
66136
66137
66138
66140
66141
66146
66216
66224
66225
66226
66231
66232
66233
66238
66275
6633
6636
6637
6638
6640
6642
66636
66638
66639
66640
66642
66643
66645
66656
66685
66695
66699
66701
66737
66769
66770
66771
67364
67365
67443
67453
67571
67572
67669
67671
67672
67684
67837
67850
67917
67945
67963
67964
67965
67973
67993
67999
68053
68057
68134
68135
68136
68137
68138
68139
68140
68141
68142
68143
68144
68145
68146
68147
68149
68150
68151
68152
68154
68155
68156
68157
68158
68159
68160
68161
68163
68164
68166
68167
68169
68170
68171
68172
68173
68174
68175
68176
68177
68178
68179
68185
68190
68191
68195
68199
68201
68202
68203
68204
68206
68310
68343
68352
68353
68354
68355
68357
68359
6843
68444
68445
68458
68463
68464
68465
68623
68689
68799
68800
68806
68807
68810
68811
68832
68833
68881
69003
69070
69071
69313
69323
69363
69368
69370
69520
6954
69542
69548
69549
6955
69550
69551
69552
69553
69569
69570
69607
69609
69621
69791
69908
69946
70020
70255
70513
70515
70516
70517
70518
70520
70521
70522
70523
70526
70527
70529
70530
70531
70532
70533
70534
70535
70536
70538
70600
70601
70603
70604
70605
70606
70608
70611
70612
70613
70614
70615
70616
70617
70618
70622
70623
70627
70651
7067
70734
70745
70762
70869
70871
70874
70875
70877
70879
70880
70881
70883
70884
70885
70886
70905
71060
71065
71075
71164
71345
71347
71349
71350
71353
71358
71359
71361
71362
71365
71369
71392
71393
71395
71396
71397
71399
71404
71406
71411
71413
71427
71428
71429
71431
71432
71433
71434
71437
71438
71465
71466
71699
71948
72382
72503
72504
72507
72508
72509
72526
72534
72535
72537
72541
72542
72545
72546
72547
72549
72555
72575
72576
72578
72579
72580
72581
72582
72583
72585
72586
72590
72591
72604
72605
72606
72607
72608
72609
72611
72612
72613
72614
72615
72616
72617
72619
72620
72621
72622
72623
72626
72627
72630
72634
72635
72636
72703
72704
72705
72720
72721
72840
73096
73099
73100
73105
73132
73133
73134
73135
73136
73137
73138
73139
73140
73141
73142
73143
73144
73145
73146
73147
73148
73149
73151
73152
73153
73154
73155
73157
73158
73159
73160
73161
73162
73163
73164
73165
73166
73167
73168
73169
73170
73171
73172
73173
73174
73175
73176
73177
73278
73322
73337
73342
73343
73344
73347
73350
73353
73355
73358
73362
73363
73364
73365
73537
73542
73546
73547
73987
74013
74074
74115
74161
74205
74208
74209
74210
74211
74213
74215
74217
74218
74219
74220
74221
74222
74223
74224
74226
74227
74232
74234
74235
74236
74237
74238
74239
74241
74242
74243
74245
74246
74248
74249
74250
74251
74252
74253
74254
74255
74256
74258
74259
74260
74262
74263
74264
74265
74266
74268
74271
74272
74273
74274
74275
74277
74281
74282
74283
74319
74331
74332
74333
74334
74336
74340
74341
74342
74343
74344
74345
74346
74347
74348
74350
74351
74352
74354
74355
7457
7458
7459
74659
74666
74667
74668
74669
74671
74674
74675
74676
74677
74678
74679
74680
74681
74682
74683
74684
74685
74686
74687
74689
74691
74694
74695
74696
74697
74699
74700
74701
74702
74703
74704
74705
74706
74708
74709
74710
74711
74712
74713
74714
74715
74716
74718
74719
74728
74729
74730
74731
74732
74733
74734
74735
74736
74737
74739
74740
74741
74742
74767
74768
74842
74844
74864
74869
74943
74961
74963
74965
75177
75209
75210
75235
75245
75254
75271
75295
75324
75440
75470
75547
75548
75549
75557
75696
75697
75698
75699
75701
75702
75703
75704
75706
75730
75731
75732
75733
75734
75758
75761
75793
75797
75799
75886
75983
75984
76009
76119
76120
76121
76122
76123
76138
76159
76285
76382
76398
76504
76505
76506
76507
76508
76509
76511
76512
76513
76515
76516
76520
76523
76665
76667
76678
76680
76720
76729
76743
76757
76761
76790
76794
76799
76800
76807
76810
76820
76827
76828
76829
76830
76833
76839
76843
76858
76886
76887
76920
76921
76924
76935
76938
76939
76941
76952
76959
76960
76967
76968
76969
76971
76972
76978
76980
76996
77001
77013
77024
77027
77040
77042
77043
77050
77051
77058
77072
77083
77087
77088
77092
77093
77099
77100
77116
77117
77118
77119
77121
77122
77123
77124
77125
77126
77129
77130
77131
77132
77133
77135
77136
77137
77139
77140
77142
77143
77385
77424
77427
77724
77972
78342
78470
78472
78474
78476
78477
78478
78486
78487
78488
78491
78492
78494
78495
78496
78498
78499
78502
78503
78504
78506
78507
78509
78510
78512
78513
78514
78515
78517
78518
78519
78524
78525
78528
78529
78530
78531
78532
78533
78538
78540
78547
78548
78550
78551
78552
78553
78554
78562
78564
78565
78566
78567
78569
78570
78571
78572
78573
78575
78578
78580
78582
78583
78585
78586
78592
78593
78594
78596
78597
78598
78599
78600
78602
78603
78604
78607
78610
78612
78613
78615
78617
78619
78622
78623
78627
78629
78632
78634
78635
78637
78641
78643
78644
78646
78647
78649
78650
78651
78652
78653
78654
78656
78658
78660
78662
78663
78664
78669
78670
78671
78674
78677
78678
78679
78680
78681
78682
78683
78685
78686
78688
78690
78691
78692
78695
78696
78698
78703
78704
78705
78706
78707
78708
78709
78717
78718
78720
78721
78722
78723
78724
78729
78730
78732
78742
78745
78746
78747
78748
78749
78771
78773
78774
78779
78782
78788
78797
78798
78801
78807
78812
78815
78824
78836
78871
78872
78873
78875
78881
78884
78891
78892
78893
78897
78905
78907
78910
78916
78917
78927
78940
78956
78959
7896
78962
78965
78966
78983
78988
78989
78992
78995
78996
78997
79002
79016
79017
79029
79040
79045
79047
79048
79050
79056
79058
79059
79060
79063
79067
79071
79077
79079
79084
79090
79091
79092
79093
79095
79099
79104
79122
79123
79126
79127
79132
79133
79137
79139
79142
79146
79149
79150
79156
79158
79159
79161
79166
79175
79185
79189
79191
79194
79197
79198
79213
79220
79221
79224
79226
79227
79230
79245
79246
79250
79254
79262
79267
79282
79287
79292
79312
79313
79319
79326
79330
79333
79334
79337
79344
79346
79379
79384
79386
79388
79390
79392
79394
79395
79399
79407
79408
79416
79418
79429
79431
79433
79436
79437
79439
79465
79473
79474
79479
79480
79482
79483
79484
79485
79486
79497
79506
79518
79523
79534
79538
79539
79546
79582
79586
79588
79589
79590
79591
79592
79597
79598
79600
79615
79617
79618
79619
79626
79630
79637
79641
79643
79644
79646
79655
79663
79665
79666
79667
79683
79687
79696
79700
79702
79708
79709
79711
79713
79715
79719
79722
79726
79742
79755
79761
79762
79774
79779
79782
79792
79796
79798
79800
79801
79812
79814
79815
79816
79817
79820
79821
79823
79825
79828
79831
79837
79838
79839
79840
79845
79849
79851
79853
79862
79864
79882
79914
79918
79923
79931
79933
79934
79940
79951
79952
79955
79957
79960
79964
79965
79966
79982
79993
80020
80023
80027
80034
80052
80062
80068
80073
80079
80082
80085
80097
80099
80108
80130
80133
80147
80148
8016
80165
80169
80171
80174
80177
80188
80193
80199
80200
80205
80226
80228
80244
80245
80246
80259
80261
80265
80267
80268
80269
80270
80292
80299
80304
80311
80312
80323
80325
80329
80340
80341
80346
80358
80360
80361
80369
80382
80410
80413
80425
80427
80428
80431
80434
80435
80441
80442
80443
80447
80451
80457
80458
80530
80536
80552
80554
80562
80568
80575
80598
80602
80619
80621
80627
80629
80630
80643
80646
80647
80650
80652
80685
80699
80702
80703
80706
80708
80712
80714
80725
80728
80750
80755
80779
80789
80792
80793
80800
80809
80837
80844
80859
80861
80870
80873
80875
80882
80886
80890
80894
80900
80916
80920
80931
80935
80942
80948
80956
80958
80962
80966
80969
80980
80988
80996
81001
81013
81024
81026
81032
81036
81037
81050
81051
81055
81056
81057
81061
81066
81077
81080
81087
81088
81094
81100
81103
81104
81107
81113
81117
81121
81133
81135
81136
81143
81170
81199
81202
81211
81213
81224
81225
81227
81230
81234
81238
81241
81245
81253
81255
81256
81257
81258
81261
81268
81269
81271
81274
81294
81299
81302
81320
81325
81327
81331
81334
81339
81340
81341
81344
81350
81368
81370
81371
81408
81439
81472
81493
81503
81528
81530
81531
81536
81539
81548
81566
81589
81598
81601
81607
81613
81614
81617
81618
81625
81627
81633
81636
81638
81656
8166
81663
8167
81670
81679
81680
81686
81688
81689
81693
81698
81710
81711
81718
81732
81733
81734
81741
81742
81749
81750
81763
81773
81791
81806
81807
81829
81835
81837
81838
81847
81862
81866
81870
81876
81879
81888
81909
81923
81931
81946
81949
81957
81958
81968
81976
81987
82003
82009
82010
82012
82022
82024
82026
82038
82040
82045
82051
82052
82058
82069
82071
82076
82078
82093
82094
82099
82114
82126
82132
82133
82139
82145
82155
82170
82181
82194
82197
82199
82202
82212
82213
82217
82222
82229
82233
82234
82237
82242
82246
82249
82378
82602
83113
87281
875
87838
881
88161
900
903
9047
9049
9050
9059
9061
9117
91541
92858
92859
92863
92868
92871
92880
92881
92892
92894
92900
92902
92909
92910
92912
93004
93011
93014
93019
93040
93049
93057
93058
9325
9327
951
95239
95247
95248
95251
95252
95264
95265
95276
95277
95287
95296
95300
95306
