10018
100180
100185
100467
100469
100640
100648
10078
100861
100944
101054
101097
101119
101128
101156
101189
101438
101484
101541
101551
101582
101612
101634
101714
101743
101758
101786
101787
101799
101843
101848
101864
101872
101889
101958
101988
102015
102023
10204
10205
10206
102067
102068
102080
10209
10210
102105
10211
102119
102120
10213
10214
102146
10215
102257
102263
10234
10235
10236
10238
102383
102395
10240
10244
10246
102467
102690
102790
10289
10290
103129
103131
10327
103416
103728
104090
10437
10439
104399
10440
104703
104731
104759
105071
105560
105702
105716
105920
106020
106043
106148
106251
106318
106390
106591
106708
106732
106842
106845
107224
107261
107268
107316
107454
107546
107658
107660
107666
10768
10769
107705
107712
107715
10772
107792
107793
107845
107846
107903
107913
107944
108065
108270
108408
108523
108534
108595
108858
108958
109002
1091
1095
109655
109658
109702
109773
109774
109779
109780
109795
109897
109898
109931
110161
110242
110386
110486
110531
110575
110832
110852
110897
111137
111152
111245
111417
111418
111443
111478
111573
111639
111828
111835
111859
111879
112167
112230
112319
112446
112498
112603
112685
112874
112925
112983
113110
113178
113662
113828
113888
113898
113970
114138
114171
114338
114407
114423
114424
114449
114525
114612
114717
114722
114749
114787
114824
114838
114848
114852
114877
114879
114891
114914
114936
114945
115024
115066
115077
115078
115103
115110
115118
11520
11521
115271
115286
115290
115317
115324
115370
115421
115442
115461
115462
115464
115465
115475
115508
115511
115512
115527
115531
115556
11560
11564
115646
115758
115769
115785
115788
115908
116005
116253
116312
116324
116402
116446
116457
116556
116618
116788
116791
116834
116962
116983
116984
117025
117049
117170
117181
117309
117478
117482
117484
117503
117553
117573
117575
117996
118017
11808
1181
118216
118238
118242
118254
118256
118274
118300
118345
118358
118377
118431
118434
118435
118439
118443
118450
118484
118490
118612
118706
118927
119176
119187
119206
119271
119300
119308
119310
119326
119328
119372
119389
119450
11948
119481
119492
11950
119591
119608
119621
119743
119744
120256
120308
120314
120487
120522
120641
120664
120872
12104
12106
121067
121069
12107
121071
121072
121073
121076
121082
12109
121106
121135
121153
121176
121179
121180
121183
12120
12121
12123
121378
121400
121461
121463
121570
121612
121635
121643
121644
121646
121648
121670
121869
121953
121956
121958
121966
121968
121975
122067
122109
122199
122277
122298
122325
122637
122736
122790
122852
122858
12288
122897
12293
123030
123069
123108
123134
123154
123206
123226
123255
123631
123645
123656
123664
123705
123710
123734
123746
123762
123779
123795
123851
123897
123902
123907
123916
12392
123922
123926
123967
124125
124273
12432
124383
124390
124424
124558
124635
124733
124878
124978
125082
125192
12521
12522
125220
125442
125608
125633
125718
125849
12590
126006
126021
126069
126111
126138
126150
126165
126256
126329
126426
126427
12651
126520
126537
126614
126750
126866
126868
126939
127050
127179
127438
127491
127508
127510
127512
127513
127515
127517
12755
127648
12783
12784
12785
12788
12789
128287
128330
128374
12841
12849
12869
128868
128985
128986
129014
129170
129363
129591
129667
129722
129759
129761
129822
13019
130216
130339
130342
130754
130756
130762
130795
130811
130812
130938
131006
131217
131224
131313
131414
131415
131417
131418
131426
131427
131428
131631
13168
131911
132038
132041
132071
132237
132298
132303
132326
132404
132441
132510
132611
132679
132740
132816
132861
132901
132940
132955
132956
133009
133026
133099
133100
133230
133339
133375
133395
133443
13352
133551
133580
133582
133596
133597
133600
133601
133835
133848
133970
134127
134220
134256
134339
134342
134376
134429
13466
134739
134799
134937
134978
135013
135125
135372
135614
135646
135664
135695
13575
135767
135770
135893
135927
136032
136105
136129
136216
136239
136302
136305
136322
136362
136376
136377
136385
136403
136435
136599
136665
136799
136864
136901
136903
136962
137057
137059
137085
137086
137114
137207
137211
13722
13723
13725
13738
137409
137521
137582
13768
13770
137708
13771
137852
138089
138148
138178
138290
13837
138388
13841
138414
13842
138643
138644
138791
138867
138869
138876
138918
138942
138950
138972
138988
139023
139080
139116
139128
139129
139131
139137
139140
139152
139154
139178
139181
139212
139242
139422
139475
139633
139634
139645
139668
139674
139731
139751
139968
140242
140287
140323
140355
140367
140369
140372
140428
140476
140522
140528
140580
14062
140650
140653
140656
140660
140757
140807
140845
140850
140960
140977
14107
141100
141141
141184
141186
141255
141305
141517
141697
141802
141907
141999
142003
14210
142140
142211
142214
142262
142563
142691
142794
142836
14293
142932
142939
142980
143004
143012
143124
143144
143156
143173
143244
143358
143480
143486
143525
143540
143565
143715
143744
143772
143789
143817
143840
143871
143980
144073
144138
144170
144194
144232
144237
144252
144320
144389
144407
144421
144462
144503
144557
144567
144570
144581
144593
144832
144846
144908
144969
144975
144981
144996
145034
145044
145093
145132
145139
145144
145153
145196
145338
145393
145490
145531
145549
145623
145681
145758
145838
145855
145856
145863
145892
145896
145982
146020
146050
146228
146230
146232
146249
146269
146275
146286
146287
146288
146341
146349
146427
146474
146517
146562
146609
146687
146880
146916
146935
14703
147316
147480
147548
147577
147578
147581
147582
147656
14776
147873
148019
148024
148060
148094
148149
148155
148157
148164
148169
148186
148193
14820
14822
148229
14823
14824
14825
148280
148324
148325
148338
148352
148421
148425
148496
148499
148501
148504
148507
148509
148512
148593
148624
148663
148682
148880
148944
148988
149014
149182
149254
149344
149346
149388
149400
149419
149426
149460
149469
149505
149522
149558
149589
149655
149676
149686
149750
149783
14992
149990
150014
150066
150090
150096
150214
150220
150261
150273
150283
150292
150407
150409
150430
150433
150462
150470
150478
150588
150593
150601
150650
150774
150808
150854
150857
150861
150985
151011
151046
151093
151105
151190
151207
151226
151243
151295
151315
151435
151465
151489
151507
15151
151515
151533
15154
151554
151656
151680
151690
151722
151749
151758
151775
151842
151881
151883
151886
151891
151968
151988
15200
152016
15202
15203
152031
152042
152057
15210
152121
15213
152206
152328
152348
152353
152390
152405
152432
152448
152486
152534
152562
152666
152675
152724
152755
152769
152799
152841
15292
15294
15295
152974
152978
153001
153024
153054
153061
153126
153132
153156
153205
153413
153500
153535
153541
153548
153600
153695
153706
153735
153767
153822
153824
153853
153868
153875
154083
154134
154339
154467
154473
154510
154515
154573
154587
154655
154696
154722
154766
154798
154928
154965
154967
154980
155008
155185
155225
155247
155271
155283
155301
155360
155364
155613
155653
155713
155887
155896
155901
155909
155948
156004
156067
156080
156082
156083
156141
156151
156192
156225
156395
156470
156486
156539
156568
156606
156703
156816
156841
156869
157031
157050
157156
157376
157511
15754
157570
15758
15760
15762
15763
157634
157686
157823
157928
158079
158621
158694
158882
158892
158956
158958
159079
159085
159163
159248
159457
159487
159534
15969
15970
15971
159735
159785
159954
16013
160245
160309
160541
160870
160934
161133
161360
161394
161461
161584
16161
161856
16199
16206
16212
162313
162525
162539
162554
16271
162714
16282
16284
162869
162938
1631
163156
1632
163214
1634
16342
163421
163451
163469
1635
163591
1636
163601
163602
163662
163758
163763
163809
164000
164097
164106
164137
164165
164172
164234
164335
164773
164836
165438
165441
165459
165573
165588
165799
165854
165888
165917
165955
166052
166102
166110
166123
166245
166301
166303
166373
166394
166542
166617
166644
166651
16668
166687
16669
16670
16671
16672
166751
16677
166774
166805
166951
167019
167148
167150
167151
167318
167323
167451
167563
167612
167618
167747
167751
167810
167886
167891
167978
168140
168185
168192
168261
168404
168470
16857
168657
168706
16873
16874
16875
16879
168881
168921
168974
169059
169090
169145
169179
169197
169226
169232
169287
169497
169499
169596
169683
169823
169865
170150
170218
170244
170248
170271
170364
170614
170743
170846
170859
170912
171142
171213
171259
171262
171293
171376
171445
171534
171638
171675
171722
17192
17202
172037
17205
17206
17213
172152
172178
172621
172676
172705
172771
172808
172829
172878
172938
173227
173230
173264
173275
173284
173286
173386
173399
173451
173531
173656
173659
1737
173701
173746
173807
173810
174166
174169
174294
174328
174406
174435
174475
174493
174642
175230
175287
175291
175301
175310
175315
175351
175364
175369
175393
175413
175418
175423
175426
175448
175455
175481
175567
17557
175664
17570
17571
175711
17572
17573
17576
175808
175820
175824
175828
17611
17612
176194
176206
176266
176282
176294
176297
176346
176354
176374
176410
176412
176442
17646
176519
177321
177394
177433
177553
177630
177632
177796
177802
177814
177898
177903
177922
177937
177951
177962
178047
178079
178111
178125
178176
178178
178187
178256
178284
178548
178550
178552
178575
178578
178580
178730
178731
178740
178765
178767
178770
178773
178879
178881
178887
179072
179078
179123
179171
179175
179180
179198
17928
179355
179362
179371
179417
179441
17953
17954
17955
179585
17960
179661
179662
179668
179674
179736
179758
179763
179862
179938
179953
179957
179958
179962
180263
180299
180420
180468
180473
180528
180545
180549
180573
180631
180771
180772
180774
180841
180859
180869
180873
180875
180993
181062
181166
181169
181170
181171
181176
18119
18120
18122
181235
181248
18125
181362
181369
181372
181439
181443
181446
181465
181478
18151
181525
18153
18160
181617
181626
181656
181666
181770
181882
181954
181957
181978
182109
182114
182200
182212
182264
182682
182683
182684
182685
182686
182687
1828
182865
182866
182867
182868
182869
182870
182871
182872
182894
182895
182896
182897
182898
182899
1829
182954
182955
182956
182957
182958
182959
182960
1830
183008
183009
183269
183270
183271
183272
183273
183274
183275
183276
183277
183278
183296
183297
183298
183299
183300
183318
183319
183320
183321
183322
183323
183324
183325
183326
183327
183328
183386
183387
183388
183389
183390
183391
183392
183468
183469
183470
183471
183472
183473
183474
183475
183511
183512
183513
183514
183515
183516
183517
183518
183717
183718
183719
183720
183721
183722
183773
183774
183775
183776
183777
183778
183779
183780
183832
183833
183834
183835
184246
184247
184248
184249
184250
184251
184257
184258
184259
184260
184261
184262
184294
184295
184296
184297
184298
184299
184300
184301
184507
184508
184509
184522
184523
184524
184525
184526
184527
184528
184529
184530
184531
184601
184602
184603
184604
184605
184606
184765
184766
184767
184768
184769
184770
184771
184772
184773
184781
184782
184945
184946
184947
184948
184949
184950
184951
184952
184953
184954
184955
184956
184957
184958
185114
185115
185116
185117
185118
185164
185165
185166
185441
185442
185443
185444
185445
185446
185447
185448
185449
185470
185471
185472
185473
185474
185475
185476
185477
185478
185494
185495
185496
185497
185498
185499
185500
185501
185502
185503
185504
185505
185807
185808
185809
185810
185811
185812
185813
186001
186002
186003
186004
186005
186006
186007
186008
186009
186015
186016
186017
186018
186019
186020
186021
186022
186023
186064
186065
186066
186067
186068
186069
186070
186071
186112
186113
186114
186115
186116
186117
186148
186149
186150
18623
186350
186351
186352
186353
186524
186525
186526
186527
186528
186529
186578
186579
186580
186581
186582
186583
186596
186597
186598
186599
186600
186601
186602
186603
186604
186618
186619
186620
186621
186622
186623
186624
186625
186626
186666
186667
186668
186669
186670
186671
1867
186717
186718
1868
186811
186812
186813
186814
186815
186816
186817
186818
186918
186919
186920
186921
186922
186923
186982
186983
186984
186985
187005
187006
187007
187008
187009
187010
187011
187012
18704
187055
187056
187057
187058
187075
187076
187077
187078
187079
187080
187081
187082
187083
187084
187085
187086
187145
187146
187147
187148
187149
187150
187186
187187
187188
187189
187190
187191
187192
187193
187194
187394
187395
187396
187397
187398
187399
187400
187401
187448
187449
187450
187451
187452
187453
187454
187455
187456
187505
187506
187507
187508
1876
187722
187723
187724
187725
187726
187727
18799
18800
18801
18802
188024
188025
188026
188027
188028
188029
188074
188075
188076
188077
188078
188124
188125
188126
188127
188128
188129
188130
188131
188132
188228
188229
188230
188231
188232
188233
188234
188235
188291
188292
188293
188294
188295
188296
188469
188470
188471
188472
188473
188474
188475
188476
188477
188625
188626
188627
188628
188629
188630
188831
188832
188833
188834
188835
188836
188837
188838
189069
189080
189081
189082
189104
189105
189106
189107
189108
189109
189421
189422
189423
189424
189425
189426
189427
189509
189510
189511
189512
189513
189514
189581
189582
189583
189584
189585
189586
189587
189588
189589
189779
189780
189781
189782
189783
189784
189825
189826
189827
189828
189829
189830
189831
189832
189833
189834
189835
189836
189837
189838
189839
189840
189857
189858
189859
189860
189867
189868
189869
189870
189871
189872
189873
189874
189875
189876
189877
189878
190035
190036
190037
190038
190039
190040
190181
190182
190183
190184
190185
190186
190193
190194
190195
190196
190197
190198
190199
190200
190201
190202
190203
190204
190205
190206
190207
190208
190209
190210
190256
190257
190258
190259
190301
190302
190303
190304
190305
190306
190307
190308
190309
190351
190352
190353
190368
190369
190458
190459
190460
190461
190462
190463
190561
190562
190563
190564
190565
190566
190567
190568
190569
190570
190571
190572
190701
190702
190703
190704
190705
190706
190708
190709
190710
190711
190838
190839
190840
190841
190842
190843
190844
190957
190958
190959
190960
190961
190962
190963
190964
190965
190966
190967
190968
190969
190970
190971
190972
190998
190999
191010
191011
191012
191013
191014
191132
191133
191134
191135
191136
191137
191283
191284
191285
191286
191287
191288
191289
191290
191291
191335
191336
191514
191515
191516
191517
191518
191519
191520
191654
191655
191656
191657
191658
191659
191913
191914
191951
192020
192021
192022
192023
192024
192025
192162
192163
192164
192165
192166
192167
192184
192185
192186
192187
192188
192189
192190
192191
192192
192193
192214
192215
192216
192217
192218
192219
192220
192221
192267
192268
192377
192378
192379
192380
192381
192382
192654
192655
192656
192657
192658
192659
192660
192685
192686
192687
192688
192689
192690
192691
192692
192693
192694
192695
192696
192697
192698
192699
192700
192791
192851
192852
192853
192854
192859
192860
192919
192920
192921
192922
192923
192924
192925
192926
192945
192946
192947
192948
192949
192950
192951
192952
193006
193007
193008
193009
193010
193011
193093
193094
193095
193096
193097
193098
193099
193100
193101
193245
193246
193247
193248
193429
193430
193431
193432
193433
193434
193435
193436
193551
193552
193553
193554
193555
193556
193634
193635
193636
193637
193638
193728
193729
193730
193731
193748
193749
193750
193751
193752
193753
193778
193779
193780
193781
193782
193783
193784
193785
193840
193841
193842
193843
193844
193845
193905
193906
193978
194039
194105
194168
194169
194170
194171
194172
194173
194207
194208
194232
194233
194234
194235
194236
194289
194290
194291
194362
194363
194364
194365
194366
194367
194397
194398
194399
194400
194401
194402
194575
194576
194577
194578
194579
194580
194695
194696
194697
194698
194699
194700
194746
194747
194748
194749
194907
194908
194909
194910
194911
194912
194964
194965
194966
194967
194968
194969
19499
195025
195026
195027
195028
195029
19503
195095
195096
195097
195098
195099
195100
195137
195138
195139
195140
195141
195142
195143
195144
195176
195177
195178
195179
195180
195181
195182
195183
195283
195284
195285
195286
195287
195288
195289
195290
195291
195292
195293
195294
195295
195296
195297
195298
195460
195679
195680
195681
195682
195683
195684
195808
195809
195810
195811
195902
195903
195904
195905
195906
195907
195943
195944
195945
195946
195947
195948
196228
196229
196230
196231
196232
196233
196234
196235
196236
196237
196238
196239
196240
196241
196242
196311
196312
196313
196314
196315
196385
196386
196387
196388
196389
196390
196391
196392
196393
196394
196395
196396
196397
196398
196449
196521
196522
196523
196524
196525
196532
196533
196534
196535
196536
196537
196538
196539
196540
196576
196577
196578
196579
196580
196581
196591
196592
196593
196594
196595
196596
196690
196691
196692
196693
196694
196695
196696
196697
196698
196738
196739
196740
196741
196742
196743
196851
196852
196853
196854
196855
196856
196857
196858
19690
196902
196903
196904
196905
196906
196907
196908
196909
196910
196911
196912
196913
196914
196915
196916
196917
196918
196919
19692
197040
197041
197042
197043
197044
197045
197046
197047
197048
197049
197050
197051
197067
197068
197069
197070
197071
197072
197073
197074
197075
197082
197083
197084
197085
197086
197087
197100
197125
197126
197127
197128
197129
197130
197172
197173
197174
197175
197176
197177
197235
197236
197237
197238
197239
197240
197241
197242
197243
197299
197300
197301
197302
197303
197304
197307
197308
197309
197310
197311
197312
197313
197314
197315
197330
197331
197332
197333
197334
197335
197336
197337
197338
197339
197340
197341
197454
197455
197456
197457
197458
197459
197500
197501
197502
197503
197504
197505
197506
197507
197508
197509
197525
197526
197527
197528
197529
197530
197531
197532
197644
197645
197646
197647
197648
197649
197690
197691
197692
197693
197777
197778
197779
197780
197781
197782
197783
197784
197877
197878
197879
197996
197997
197998
197999
198000
198001
198002
198003
198004
198005
198033
198034
198035
198036
198037
198038
198039
198040
198041
198042
198043
198044
198045
198046
198101
198102
198103
198104
198105
198106
198143
198522
198523
198524
198525
198526
198527
198532
198533
198534
198535
198536
198537
198538
198539
198540
198541
198647
198648
198649
198650
198651
198652
198653
198860
198861
198862
198863
198864
198865
198868
198869
198870
198968
198969
198970
198971
198972
198973
199052
199053
199054
199076
199077
199078
199079
199080
199081
199292
199293
199294
199295
199296
199378
199379
199380
199381
199382
199383
199472
199473
199474
199475
199476
199477
199545
199546
199547
199548
199549
199551
199552
199579
199591
199592
199593
199594
199595
199596
199610
199611
199612
199613
199614
199615
199616
199617
199618
199619
199620
199621
199757
199758
199759
199760
199761
199762
199799
199800
199801
199802
199803
199804
199805
199806
199807
19981
199835
199836
199837
199838
199839
199840
199869
199870
199871
199872
199873
199874
199875
199876
199988
199989
199990
199991
199992
199993
200214
200215
200216
200217
200218
200219
200390
200391
200392
200393
200394
200395
200600
200601
200602
200603
200604
200605
200627
200628
200629
200630
200631
200632
200761
200762
200763
200764
200765
200766
200767
200768
200769
200778
200779
200780
200781
200782
200783
200784
200785
201031
201130
201131
201132
201133
201134
201135
201136
201137
201138
201139
201140
201141
201142
201143
201144
201145
201146
201147
201148
201149
201275
201276
201277
201278
201279
201280
201281
201282
201283
201284
201285
201286
201287
201288
201289
201290
201291
201292
201477
201478
201479
201480
201668
201669
201670
201671
201672
201673
201674
201675
201731
201732
201733
201734
201735
201736
201737
201738
201739
201740
201760
201761
201762
201763
201764
201765
201766
201767
201798
201799
201800
201801
201802
201803
201804
201805
201806
201939
201940
201941
201942
201943
201944
201945
201946
201964
201965
201966
201967
201968
201969
201970
201971
201972
201973
201974
201975
201976
201977
201978
201979
201980
202041
202042
202043
202044
202045
202046
202124
202125
202126
202127
202128
202129
202257
202258
202259
202260
202261
202262
202263
202332
202333
202334
202335
202336
202337
202781
202782
202783
202784
202785
202786
202875
202876
202877
202878
202879
202880
202881
202969
202970
202971
202972
202973
202974
202975
202976
202977
202978
202979
202980
202981
202982
202983
203032
203033
203034
203035
203071
203072
203073
203074
203075
203076
203125
203126
203127
203128
203129
203130
203131
203132
203133
203134
20346
20348
203498
203499
203500
203501
203502
203503
203504
203505
203506
203507
203508
203509
203525
203526
203527
203528
203596
203597
203598
203599
203600
203601
203602
203603
203604
203605
203606
203607
203653
203661
203662
203663
203664
203665
203666
203667
203668
203669
20367
20368
20369
203708
203709
20371
203710
203711
203712
203713
203714
203715
203749
20375
203750
203751
203752
203753
203754
203755
203756
203757
203826
203827
203828
203829
203871
203872
203897
203898
203899
203900
203901
203902
203932
203933
203934
203935
203936
203937
204197
204198
204199
204200
204201
204202
204245
204246
204247
204248
204249
204250
204300
204301
204302
204303
204304
204305
204370
204371
204431
204432
204433
204434
204435
204436
204437
204438
204439
204637
204638
204639
204640
204641
204642
204643
204644
204645
204646
204753
204754
204755
204756
204757
204758
204878
204879
204880
204881
204882
205014
205015
205016
205017
205054
205055
205056
205057
205058
205059
205060
205061
205062
205063
205272
205273
205274
205275
205276
205277
205317
205318
205319
205320
205321
205322
205323
205324
205325
205326
205327
205328
205329
205330
205331
205393
205394
205395
205396
205397
205398
205399
205400
205401
205402
205403
205627
205628
205629
205630
205631
205632
205633
205701
205702
205703
205704
205705
205741
205742
205743
205744
205745
205746
205773
205774
205775
205776
205862
205863
205864
205865
205866
205867
205983
205984
205985
205986
205987
205988
205989
205990
20603
20605
20606
20607
20610
206250
206251
206252
206253
206254
206255
206256
206257
206328
206329
206330
206331
206332
206333
206407
206408
206409
206410
206411
206412
206413
206414
206622
206623
206624
206740
206741
206742
206743
206744
206745
206791
206792
206793
206794
206795
206796
206797
206798
206909
206910
206911
206912
206913
206914
207004
207005
207006
207007
207008
207009
207010
207011
207012
207023
207024
207025
207026
207027
207028
20704
207047
207048
207049
207050
207051
20706
20708
20709
20710
207162
207163
207188
207189
207190
207191
207192
207193
207437
207697
207698
207699
207700
207701
207702
207703
207704
207705
207706
207707
207708
207709
207775
207776
207777
207778
207779
207780
207781
207782
207926
207927
207928
207929
207930
207931
208040
208041
208042
208043
208044
208045
208046
208047
208232
208233
208234
208235
208236
208237
208279
208280
208281
208282
208283
208284
208489
208490
208491
208492
208493
208494
208495
208496
208562
208563
208564
208565
208566
208567
208568
208569
208570
208571
208572
208616
208617
208618
208619
208620
208621
208734
208735
208736
208737
208738
208739
208856
208857
208858
208859
208860
208861
208862
208863
2089
208970
208971
208972
208973
208974
208975
208976
208977
208978
2090
209134
209135
209136
209137
209138
209139
209146
209147
209148
209149
209150
209151
209179
209180
209181
209182
209183
209184
209338
209339
209340
209341
209342
209343
209499
209500
209501
209502
209622
209623
209624
209625
209626
209627
209628
209629
209673
209674
209675
209676
209677
209678
209679
209680
209727
209728
209729
209730
209844
209845
209846
209847
209848
209849
209905
210221
210222
210223
210224
210225
210226
210227
210228
210262
210263
210264
210265
210266
210267
210268
210269
210270
210271
210272
210273
210274
210375
210376
210377
210378
210379
210380
210381
210382
210383
210384
210385
210386
210387
210474
210475
210476
210477
210478
210479
210507
210508
210509
210510
210511
210512
210730
210731
210789
210790
210791
210792
210793
210794
210834
210935
210936
210937
210938
210939
211082
211129
211130
211131
211132
211133
211134
211135
211136
211168
211169
211170
211171
211172
211173
211174
211175
211210
211211
211212
211242
211243
211244
211245
211246
211247
211248
211249
211250
211251
211252
211253
211312
211313
211314
211315
211316
211317
211318
211319
211320
211321
211341
211342
211343
211344
211345
211346
211478
211479
211480
211481
211482
211483
211582
211583
211584
211585
211586
211587
211636
211637
211638
211639
211640
211641
211642
211643
211644
211868
211869
211870
211871
211872
211873
212148
212149
2122
212344
212345
212346
212347
212348
212349
2124
212518
212519
212520
212543
212544
212545
212546
212547
212548
212549
212550
212551
212596
212597
212598
212599
212600
212601
212842
212843
212844
212845
212846
212847
212848
212849
212850
212958
212959
212960
212961
212962
212963
212973
212974
212975
212976
212977
212978
213009
213010
213011
213012
213013
213014
213015
213016
213017
213018
213019
213020
213021
213022
213023
213024
213074
213075
213076
213077
213078
213079
213102
213103
213104
213105
213106
213107
213270
213277
213278
213279
213280
213281
213282
213283
213284
213285
213286
213362
213363
213364
213365
213366
213367
213368
213369
213370
213371
213504
213505
213506
213507
213508
213509
213510
213511
213534
213535
213623
213624
213673
213674
213675
213676
213677
213678
213679
213680
213681
213682
213683
213684
213685
213686
213687
213688
213689
213690
213691
213692
213693
213694
213795
213796
213797
213798
213799
213938
213939
213940
213941
213942
213943
213957
213958
213959
213960
213994
213995
213996
213997
213998
213999
214000
214001
214002
214003
214025
214026
214043
214044
214045
214046
214156
214157
214158
214159
214160
214161
214162
214163
214164
214207
214208
214209
214210
214211
214212
214213
214214
214215
214216
214270
214271
214272
214273
214274
214275
214276
214377
214378
214379
214380
214381
214382
214383
214409
214410
214411
214425
214426
214427
214428
214429
214430
214431
214474
214475
214476
214477
214478
214479
214480
214481
214482
214483
214496
214497
214515
214516
214517
214518
214519
214520
214521
214522
214523
214524
214525
214526
214527
214528
214529
214530
214531
214532
214533
214552
214553
214554
214555
214556
214557
214634
214635
214657
214658
214659
214660
214661
214662
214663
214664
214665
214808
214809
214810
214811
214812
214813
214814
214815
214816
214817
214909
214910
214911
214912
214913
214914
215093
215094
215095
215096
215097
215098
215099
215100
215441
215442
215443
215444
215445
215446
215447
215448
215577
215578
215579
215580
215581
215582
215583
215584
215585
215586
215587
215588
215589
215590
215591
215592
215593
215594
215790
215791
215792
215793
215794
215795
215796
215797
215798
215799
215800
215801
215802
215803
215804
215805
215907
215908
215909
215910
215911
215912
215913
215914
215915
215916
215944
215945
215946
215947
215948
215949
21627
21631
216319
216320
216321
216322
216323
216324
216325
216326
216327
216328
216329
216330
216331
216332
216368
216369
216370
216371
216372
216373
216374
216375
216376
216640
216641
216642
216643
216644
216645
216784
216785
216786
216787
216788
216789
216842
216843
216844
216845
216846
216847
216848
216849
216850
216851
216875
216876
216877
216878
216879
216880
216881
216882
216979
216980
216981
216982
216983
216984
216985
216986
217021
217037
217038
217039
217040
217051
217052
217053
217054
217055
217056
217057
217058
217059
217060
217120
217121
217122
217123
217124
217125
217126
217166
217167
217168
217169
217221
217222
21726
217266
217267
217268
217269
21727
217270
217271
217272
217273
217274
217275
217297
217589
217590
217591
217592
217593
217619
217620
217621
217631
217632
217633
217634
217635
217636
217637
217714
217715
217716
217717
217718
217719
217823
217824
217845
217846
217999
218017
218018
218019
218020
218021
218022
218023
218024
218025
218026
218037
218038
21809
218242
218243
218244
218245
218246
218247
218285
21839
218552
218553
218554
218776
218777
218778
219168
219169
219170
219171
219172
219173
219259
219260
219261
219262
219263
219264
219291
219292
219293
219294
219295
219296
219297
2193
219348
219349
219350
219351
219352
219353
219354
219355
219356
219357
219369
219370
219371
219372
219373
219374
219375
219376
219377
219378
219379
2194
219432
219433
219434
219435
219436
219437
219496
219497
219498
219499
219500
219501
219667
219668
219669
219670
219671
219672
219985
219986
219987
219988
219989
219990
220140
220166
220167
220168
220169
220170
220171
220395
220396
220397
220398
220399
220400
220401
220408
220409
220410
220411
220613
220614
220615
220616
220617
220618
220836
220837
220838
220839
220840
220841
220981
220982
220983
220984
220985
220986
2210
221052
221053
221054
221055
221056
221057
2211
221103
221104
221105
221106
221107
221108
221109
221110
221111
221112
221151
221152
221153
221154
2212
221237
221238
221239
221240
221241
221242
221243
221244
221390
221421
221422
221423
221424
221425
221426
221427
221428
221598
221599
221600
221601
221602
221603
221616
221816
221817
221818
221819
221820
221821
221822
221972
221973
221974
221975
221976
221977
222029
222030
222031
222177
222178
222179
222180
222181
222182
222183
222184
222234
222235
222236
222237
222335
222358
222359
22236
222360
222361
222362
222363
222368
222369
222370
222371
222372
222373
222374
222375
222376
222377
222378
222379
222380
222381
222382
222383
222384
222385
222386
222387
222388
222389
22241
22242
22243
222430
222431
222432
222433
222434
222435
222436
222437
222438
222439
22244
222440
222441
222595
222596
222597
222598
222599
222600
222601
222602
222769
222770
222808
222809
222810
222811
222812
222813
222814
222815
222816
222915
222916
223037
223038
22304
223045
223046
223047
223048
223049
223050
22306
223083
223084
223085
223086
223087
223088
22313
223149
223150
223151
223152
223153
223154
223215
223216
223217
223298
223299
223300
223301
223302
223303
223304
223305
223440
223441
223442
223443
223444
223445
22350
22351
223535
223536
223537
223538
223539
223540
223541
223542
223543
223544
223718
223719
223756
223757
223758
223759
223760
223761
223762
223763
223764
223798
223799
223800
223801
223802
223803
223901
223902
223903
223904
223905
223906
224095
224096
224097
224151
224152
224153
224154
224155
224156
224157
224158
224159
224160
224161
224162
224163
224164
224165
224166
224167
224168
224169
224170
224171
224346
224549
224550
224551
224552
224553
224554
224671
224672
224673
224674
224675
224676
224677
224678
224679
224765
224766
224767
224768
224769
224770
224771
224772
224773
224774
224775
224776
224777
224778
224779
224785
224928
224929
225139
225140
225141
225142
225143
225144
225145
225146
225147
225176
225177
225178
225179
225180
225181
225182
225183
225184
22547
22553
22554
225589
225590
225591
225592
225593
225594
225595
225596
225597
225598
225599
22560
225600
225601
225602
225603
225604
225605
225606
225607
225608
225609
225610
22562
225679
225680
225681
225682
225683
225684
225685
225686
225687
225688
225689
225690
225714
225715
225716
225717
225718
225719
225791
225792
225793
225794
225795
225796
225797
225798
225799
225800
225801
225802
225803
225804
225805
225806
225923
225924
225925
225926
225927
225928
225929
225930
226001
226002
226003
226004
226005
226006
226158
226159
226160
226161
226162
226163
226286
226287
226288
226289
226290
226291
226292
226773
226774
226775
226776
226777
226778
226843
226844
226845
226875
226876
226877
226878
226879
226880
226881
226882
226957
226958
226959
226960
226961
226962
226963
226964
226965
226966
226967
226968
227073
227074
227075
227076
227077
227078
227079
227097
227098
227099
227100
227101
227102
227103
227104
227213
227214
227215
227216
227217
227218
227253
227254
227255
227256
227257
227258
227259
227260
227261
227262
227263
227264
227265
227266
227267
227268
227269
227270
227271
227272
227273
227274
227275
227278
227279
227280
227281
227282
227283
227368
227369
227370
227371
227372
227407
227408
227409
227410
227411
227412
227480
227818
227819
227820
227821
227822
227823
227862
227863
227864
227865
227866
227867
227868
227869
227870
227920
227921
227922
227923
227924
227925
227926
227927
228424
228425
228426
228427
228428
228429
228430
228431
228432
228449
228450
228451
228452
228453
228454
228455
228456
228457
228458
228558
228559
228665
228788
228789
228790
228791
228792
228793
228794
228795
228825
228826
228827
228828
228829
228830
228831
228832
228915
228916
228917
228918
228919
228920
229127
229149
229150
229151
229152
229153
229154
229275
229276
229277
229278
229279
229280
229281
229282
229283
229284
229325
229326
229327
229328
229329
229330
229331
229332
229333
229452
229453
229454
229455
229456
229457
229458
229459
229460
229461
229462
229463
229464
229465
229466
229467
229468
229469
229470
229471
229472
229473
229490
229491
229492
229493
229494
229495
229496
229497
229498
229648
229649
229650
229651
229652
229653
229663
229664
229665
229666
229667
229668
229669
229670
229714
229715
229716
229717
229718
229719
229720
229762
229763
229764
229765
229766
229767
229768
229822
229823
229824
229825
229826
229827
229828
229829
229860
229908
229983
229984
229985
229986
230014
230015
230016
230017
230018
230019
230020
230021
230022
230023
230024
230025
230026
230027
230028
230029
230030
230099
230220
230221
230222
230223
230224
230225
230226
230227
230228
230229
230230
230231
230241
230242
230243
230244
230245
230246
230247
230248
230277
230583
230584
230585
230586
230587
230588
230589
230590
230591
230592
230593
230594
230595
230596
230597
230636
230637
230638
230639
230640
230641
230679
230680
230681
230682
230683
230684
230685
230686
230687
230691
230692
230693
230694
230695
230696
230751
230752
230753
230754
230755
230756
230757
230758
230759
230760
230761
230762
230945
230990
230991
230992
230993
230994
230995
230996
230997
231017
231018
231019
231020
231021
231022
231023
231024
231025
231026
231027
231028
231029
231030
231031
231032
231033
231034
231035
231036
231037
23107
231278
231279
231280
231281
231282
231283
231284
231285
231286
231287
231300
231301
231302
231303
231304
231305
231306
231307
231308
231309
231310
231311
231692
231693
231694
231695
231696
231697
231730
231731
231732
231784
231785
231786
231787
231788
231857
231858
231859
231860
231861
231862
231889
231890
231891
231892
231893
231894
231895
231896
2320
232040
232202
232203
232204
232205
232206
232207
232260
232261
232262
232263
232264
232265
232329
232330
232331
232332
232333
232334
232335
232336
232337
232338
232369
232458
232459
232460
232461
232462
232463
232464
232465
232466
232467
232782
232783
232784
232785
232786
232787
232788
232849
232850
232851
232852
232853
232854
232908
232909
232910
232911
232912
232913
233268
233269
233270
233271
233272
233420
233421
233422
233423
233424
233425
23343
23354
233547
233548
233549
233550
233551
233552
233633
233649
233757
233758
233759
233760
233761
233762
233763
233764
233765
233838
233839
233840
233841
233842
233843
233844
233845
233846
233847
233848
233849
233859
233860
233861
233862
233863
233864
233865
233878
233879
233880
233881
233882
233883
233932
233933
233934
233935
233936
233937
233938
233939
233940
233941
233956
234010
234011
234012
234013
234014
234015
234091
234092
234093
234094
234279
234280
234281
234282
234283
234284
234815
234816
234817
234818
234819
234820
234821
234822
234823
234824
234962
234963
234964
234965
234966
234967
235016
235017
235018
235019
235020
235021
235116
235117
235118
235119
235120
235121
235122
235123
235124
235125
235176
235177
235261
235299
235300
235301
235302
235303
235304
235305
235306
235327
235328
235329
235330
235331
235332
235333
235348
235349
235350
235351
235352
235353
235403
235404
235405
235476
235477
235478
235479
235480
235481
235652
235653
235654
235655
235656
235657
235658
235659
235660
235661
235683
235684
235685
235686
235687
235688
236133
236134
236171
236172
236173
236174
236175
236176
236177
236178
236179
236180
236431
236432
236433
236434
236435
236436
236482
236483
236484
236485
236486
236487
236488
236489
236490
236491
236553
236554
236555
236556
236557
236558
236559
236560
236561
236562
236563
236564
236565
236566
236736
236737
236738
236739
236740
236741
23700
23701
23702
23704
237042
237043
237044
237045
237046
237047
237048
237049
237050
23713
23715
23718
237186
237187
237188
237189
23719
237190
237191
237454
237455
237456
237457
237458
237459
237460
237461
23747
237473
237474
237475
237476
237477
237478
237479
237480
237488
237489
237490
237497
237498
237499
237500
237501
237502
237503
237504
237505
237506
237535
237536
237537
237538
237539
237540
237541
237542
237901
237902
237903
237904
237905
237906
237907
237908
237909
237932
237933
237934
237935
237936
237937
237938
237939
237940
237941
237942
238122
238123
238124
238125
238126
238127
238128
238129
238130
238131
238132
238297
238298
238299
238300
238301
238302
238324
238325
238326
238327
238328
238329
238560
238606
238607
238608
238609
238686
238687
238688
238689
238690
238691
238692
238693
238694
238695
238696
238697
238698
238699
238700
238701
238717
238718
238719
238720
238835
238836
238837
238838
238839
238840
238907
238908
238961
238962
238963
238964
238965
238966
238967
238968
239047
239048
239049
239050
239051
239066
239067
239068
239069
239070
239071
239072
239073
239074
239075
239076
239123
239124
239125
239126
239127
239128
239177
239178
239179
239180
239181
239182
239183
239184
239185
239310
240039
240040
240041
240042
240043
240044
240117
240118
240119
240120
240121
240122
240379
240380
240381
240382
240383
240384
240385
240386
240446
240447
240448
240449
240450
240451
240458
240459
240460
240461
240602
240603
240604
240605
240606
240607
240608
240609
240610
240611
240624
240625
240626
240627
240628
240629
240630
240631
240671
240715
240716
240856
240857
240858
240859
240860
240861
240862
240873
240874
240875
240876
240877
240878
240879
240880
240881
241026
241027
241028
241029
241030
241031
241044
241045
241046
241047
241048
241049
241050
241051
241169
241170
241171
241172
241173
241183
241184
241185
241186
241187
241188
241314
241315
241316
241317
241318
241319
241320
241321
241322
241323
241324
241325
241326
241327
241328
241329
241330
241331
241332
241333
241334
241790
241791
241792
241793
241794
241795
241796
241797
241798
241918
241919
241920
241921
241922
241923
242063
242064
242065
242066
242067
242068
242069
242070
242134
242184
242185
242186
242187
242188
242189
242282
242283
242284
242285
242286
242287
242288
242289
242328
242329
242330
242331
242332
242333
242334
242335
242336
242337
242338
242339
242340
242341
242342
242343
242344
242345
242346
242347
242348
242349
242397
242398
242399
242400
242401
242402
242466
242467
242468
242469
242470
242471
242472
242473
242527
242528
242529
242530
242531
242532
242785
242786
242787
242788
242789
242790
242791
242940
242941
242942
242943
242944
242945
242946
243009
243037
243038
243039
243040
243041
243042
243054
243055
243056
243057
243058
243059
243252
243253
243254
243255
243256
243257
243258
243259
243260
243261
243262
243263
243264
243265
243266
243267
243268
243269
243308
243309
243310
243311
243312
243313
243314
243315
243328
243329
243330
243331
243332
243333
243403
243404
243405
243406
243407
243408
243459
243460
243461
243462
243463
243464
243465
243466
243467
243468
243469
243470
243670
243671
243672
243673
243688
243698
243699
243700
243701
243702
243703
243704
243705
243706
243707
243708
243709
243791
243792
243793
243794
243795
243796
243797
243830
243831
243832
243833
243834
243835
243836
243837
244378
244379
244380
244381
244382
244383
244393
244394
244395
244396
244397
244398
244422
244423
244424
244425
244426
244427
244428
244429
244430
244431
244432
244433
244434
244435
244436
244437
244438
244466
244467
244468
244609
244610
244611
244612
244613
244614
244615
244616
244617
244711
244712
244713
244714
244715
244716
244805
244806
244807
244808
244809
244810
244811
244867
244868
244869
244870
244871
244872
244873
244874
244875
244876
244877
244878
244879
244880
245340
245341
245342
245343
245344
245345
245346
245347
245450
245451
245452
245453
245454
245455
245550
245551
245552
245553
245554
245555
245556
245557
245558
245559
245560
245561
245562
245563
245564
245565
245566
245567
245568
245569
245570
245571
245572
245573
245710
245711
245712
245713
245714
245715
245716
245765
245766
245767
245768
245769
245770
245771
245772
245773
245774
245775
245776
245777
245810
245811
245812
245813
245814
245815
245816
245817
245818
245819
245840
245841
245842
245843
245844
245845
245869
245890
245891
245892
245893
245894
245895
245947
245948
245949
245950
245951
245999
246000
246001
246002
246003
246004
246005
246006
246007
246008
246009
246010
246028
246029
246030
246031
246032
246033
246034
246035
246036
246037
246038
246039
246040
246041
246083
246084
246086
246087
246088
246089
246090
246091
246092
246093
246094
246130
246131
246132
246133
246134
246135
246196
246197
246434
246688
246689
246690
246691
246692
246693
246694
246695
246696
246814
246815
246816
246817
246818
246819
246820
246821
246822
246823
246824
246825
24685
247058
247059
247060
247061
247062
247063
247064
247065
247263
247264
247265
247266
247267
247268
247366
247367
247368
247369
247370
247371
247435
247436
247802
247803
247804
247805
247806
247807
247891
247892
247893
247894
247895
247927
247928
247929
247930
247931
247932
247933
247934
247935
247936
247937
247938
247939
247940
247941
247958
247959
247960
247961
247962
247963
247964
247965
247966
247990
247991
247992
247993
247994
247995
248069
248070
248071
248072
248073
248105
248106
248107
248108
248109
248110
248260
248261
248262
248263
248264
248265
248410
248425
248426
248427
248428
248429
248430
248431
248432
248433
248477
248478
2485
248502
248503
248504
248505
248506
248507
248508
248509
248510
248511
248512
248513
248514
248515
248554
248555
248556
248557
248558
248559
248560
248561
248562
248563
2486
24872
248732
248808
248809
248810
248811
248828
248875
248876
248877
248878
248945
248946
248947
248948
248949
248950
248997
248998
248999
249000
249001
249002
249019
249020
249021
249022
249023
249024
24909
24912
249122
249123
249124
249125
249126
249127
249342
249343
249344
249345
249346
249347
249348
249349
24935
249548
249549
249550
249551
249552
249553
249575
249576
249577
249578
249579
249580
249581
249582
249606
249607
249608
249609
249610
249611
249612
249613
249614
249615
249616
249617
249624
249625
249626
249683
249684
249685
249686
249687
249688
249782
249783
249784
249785
249786
249787
249827
249828
249921
249922
249923
249924
249925
249926
249927
249928
249929
249930
249931
249932
249933
249934
249935
249936
249937
249938
249939
249940
249941
249942
249943
249944
249945
249946
249947
249948
24999
250002
250003
250004
250005
250006
250007
250081
250082
250083
250084
250085
250086
250087
250088
25010
250121
25014
250153
250154
250155
250156
250177
250178
250179
250180
250181
250182
250183
250184
25020
250220
250221
250284
250285
250286
250287
250288
250289
250290
250291
250292
250293
250317
250318
250319
250320
250321
250322
250377
250378
250379
250380
250381
250382
250427
250428
250429
250430
250431
250432
250465
250466
250467
250468
250469
250470
250582
250583
250584
250585
250586
250587
250757
250758
250759
250760
250761
250762
250763
250764
250829
250830
250831
250832
250833
250834
250835
250836
250837
250838
251045
251046
251047
251048
251049
251050
251067
251068
251069
251070
251071
251072
251099
251100
251101
251102
251103
251104
251105
251106
251188
251248
251249
251250
251251
251252
251253
251254
251255
251256
251257
251258
251267
251268
251269
251270
251271
251272
251273
251274
251275
251276
251314
251315
251316
251317
251318
251319
251320
251321
251322
251323
251324
251325
251370
251371
251372
251373
251374
251375
251376
251377
251378
251379
251380
251455
251456
251457
251543
251544
251545
251546
251547
251548
251627
251628
251629
251630
251631
251720
251721
251722
251723
251724
251725
251726
251756
251757
251758
251759
251760
251761
251816
251817
251818
251819
251820
251821
251969
251970
251971
251972
251973
251974
251975
251976
252286
252287
252288
252289
252290
252291
252292
252293
252294
252295
252296
252297
252298
252299
252300
252301
252302
252528
252541
252542
252543
252544
252545
252546
252547
252548
252549
252550
252657
252658
252659
252660
252661
252662
252663
252664
25281
252855
252856
252857
252858
252859
252860
252861
252862
25288
252904
252905
253064
253065
253066
253067
253068
253069
253103
253104
253133
253134
253135
253136
253137
253138
253139
253140
253150
25322
25323
2533
253406
253407
253408
253409
25341
253410
253411
253462
253463
253632
253633
253634
253635
253636
253637
253689
253690
253691
253692
253693
253694
2537
253705
253706
253707
253708
253709
25371
253710
253810
253848
253849
253850
253851
253852
253853
253928
253929
253930
253931
253932
253933
253958
253959
253960
253961
253962
253963
253964
253965
253966
254100
254101
254102
254103
254104
254105
254164
254165
254166
254167
254168
254169
254170
254171
254172
254173
254192
254193
254194
254195
254196
254197
254226
254227
254228
254229
254230
254231
254232
254235
254259
254274
254275
254276
254277
254278
254279
254280
254281
254282
254423
254424
254425
254426
254427
254428
254448
254449
254450
254451
254452
254509
254510
254511
254512
254513
254514
254515
254516
254517
254518
254632
254633
254634
254635
254636
254637
254638
254639
254640
254660
254661
254662
254663
254664
254665
254666
254667
254677
254678
254790
254791
254792
254793
254794
254795
254796
255115
255116
255117
255118
255119
25512
255120
255121
255122
255123
255130
255131
255151
255152
255170
255171
255172
255173
255174
255175
255176
255309
255310
255311
255312
255313
255314
255315
255316
255317
255318
255319
255320
255321
255322
255323
255662
255663
255664
255665
255666
255667
255704
255812
255813
255814
255815
255816
255817
255818
255819
255859
255860
255861
255862
255863
255864
255865
255866
256023
256024
256025
256026
256027
256028
256029
256030
256115
256116
256117
256118
256119
256120
256149
256150
256151
256152
256153
256154
256175
256229
256230
256243
256244
256245
256246
256247
256248
256249
256250
256251
256339
256340
256341
256342
256343
256344
256345
256346
256347
256348
256383
256384
256385
256386
256387
256388
256389
256425
256426
256427
256428
256429
256430
256531
256587
256588
256589
256590
256591
256592
256593
256594
256595
256666
256667
256668
256669
256670
256671
256672
256673
256866
256867
256868
256869
256870
256871
256872
256873
256883
256884
256885
256886
256887
256888
256889
256979
256980
256981
256982
256983
256984
256985
256986
257001
257019
257020
257021
257022
257023
257024
257025
257026
257193
257194
257195
257196
257197
257198
257241
257242
257243
257244
257245
257246
257247
257310
257311
257312
257313
257314
257315
257316
257317
257318
25736
257431
257432
257433
257434
257435
257436
257446
257447
25749
257525
257659
257660
257661
257662
257663
257664
257671
257672
257673
257674
257675
257676
257677
257694
257695
257696
257697
257698
257699
257700
257701
257889
257890
257891
257892
257893
257894
257919
257920
257921
257922
257923
257924
25796
25797
25798
258057
258058
258059
258060
258061
258062
258063
258134
258135
258136
258137
258138
258139
258140
258141
258195
258196
258197
258198
258199
258200
258217
258218
258251
258252
258270
258271
258272
258273
258274
258275
258276
258277
258278
258291
258292
258293
258294
258295
258296
258341
258342
258343
258344
258345
258346
258363
258364
258365
258366
25847
258550
258551
258552
258553
258554
258555
258581
258585
258586
258587
258588
258589
258590
258591
258592
258593
258594
258595
258644
258645
258646
258647
258648
258649
258650
258651
25868
25869
258723
258724
258725
258726
258727
258728
258729
258730
258731
258741
258742
258761
258762
258763
258764
258765
258766
258767
258768
258769
258839
25884
258840
258841
258962
258963
258964
258965
258966
258967
258968
258969
258970
259156
259157
259158
259159
259160
259161
259205
259206
259207
259208
259209
259210
259211
259212
259214
259215
259216
259217
259218
259219
259220
259221
259309
259310
259311
259312
259313
259314
259315
259316
259317
259318
259358
259401
259402
259403
259404
259405
259406
259407
259455
259456
259457
259458
259459
259460
259648
259649
259673
259674
259675
259676
259677
259678
259800
259801
259802
259803
259804
259805
259806
259807
259808
259809
259810
259811
259812
259813
259814
259815
259816
259817
259818
259819
259820
259821
259822
259823
259824
259825
259826
259883
260155
260156
260157
260158
260159
260160
260161
260211
260212
260336
260337
260338
260339
260340
260341
260385
260386
260387
260388
260389
260390
260403
260404
260405
260406
260407
260408
260726
260765
260766
260767
260768
260769
260770
260772
260773
260774
260797
260798
260799
260800
260801
260802
260973
260974
260975
260976
260977
260978
260979
260980
260981
261023
261024
261058
261059
261060
261061
261062
261063
261064
261065
261067
261068
261200
261201
261202
261203
261204
261205
261254
261255
261265
261350
261351
261352
261353
261354
261355
261356
261357
261358
261455
261456
261457
261458
261535
261536
261537
261538
261539
261540
261541
261542
261584
261585
261586
261587
261588
261589
261632
261633
261634
261635
261636
261637
261683
261684
261685
261686
261687
261688
261689
261690
261698
261699
261700
261701
261702
261703
262085
262086
262087
262088
262089
262090
262153
262154
262155
262156
262157
262158
262159
262160
262161
262162
262163
262164
262165
262166
262224
262225
262226
262227
262228
262229
262230
262231
262232
262233
262234
262235
262236
262237
262238
262239
262240
262241
262242
262243
262244
262245
262246
262247
262248
262249
262250
262251
262252
262253
262254
262255
262256
262257
262258
262259
262260
262261
262262
262263
262268
262294
262295
262344
262345
262346
262347
262348
262349
262350
262351
262391
262392
262393
262394
262395
262396
262397
262398
26243
262436
26244
26245
262514
262515
262516
262517
262518
262519
262780
262781
262782
262783
262784
262785
262786
262787
262878
262879
262880
262881
262882
262883
262972
262973
262974
262975
262976
262977
262978
262979
262980
262981
262982
262983
262984
262985
262986
262987
2631
263180
263258
263259
263260
263261
263262
263263
263264
263265
263266
263267
263268
263269
263270
263271
263272
263273
263274
263275
263276
263340
263341
263342
263343
263344
263345
263501
263544
263545
263546
263547
263548
263549
263550
263551
263779
263780
263807
263808
263809
263810
263811
263812
263813
263814
263815
263816
263817
263818
263819
263820
263821
263822
263823
263824
263825
263826
263827
263828
263829
263830
263831
263832
263833
263834
263835
263836
263837
263920
263921
263922
263923
263941
263942
263943
263944
263945
263946
264007
264008
264009
264010
264011
264012
264412
264413
264531
264532
264533
264534
264535
264536
264543
264544
264545
264546
264547
264548
264609
264610
264611
264612
264613
264614
264680
264681
264682
264683
264684
264685
264686
264706
264707
264708
264709
264710
264711
264775
264776
264777
264778
264779
264780
264912
264913
264914
264915
264916
264917
265163
265164
265165
265166
265167
265168
265195
265221
265222
265223
265224
265225
265226
265393
265394
265395
265396
265397
265398
265399
265400
265401
265402
265403
265404
265477
265478
265479
265480
265481
265482
265613
265626
265827
265828
265829
265830
265831
265832
265833
265880
265881
265882
265883
265884
265885
265886
265887
265888
265889
265890
265891
265892
265893
265894
2659
265986
265987
265988
265989
265990
265991
265992
265993
266037
266038
266039
266040
266041
266042
266060
266061
266062
266063
266064
266065
266066
266067
266068
266195
266196
266197
266198
266199
266200
266201
266202
266203
266204
266205
266206
266268
266269
266270
266271
266272
266273
266274
266275
266281
266282
266283
266284
266285
266286
266417
266418
266419
266420
266421
266422
266423
266627
266628
266629
266630
266631
266632
266633
266643
266644
266645
266646
266647
266648
266664
266665
266666
266667
266668
266669
266789
266790
266791
266792
266793
266794
266813
266814
266815
266816
266817
266818
266819
266820
266873
266874
266875
266876
266877
266878
266901
266902
266903
266904
266905
266936
266937
266938
266939
266940
266941
266942
266943
266944
266998
266999
267000
267001
267002
267003
267004
267005
267006
267007
267062
267063
267064
267065
267066
267067
267076
267077
267078
267079
267080
267081
267082
267124
267125
267126
267127
267128
267129
267204
267205
267206
267207
267208
267209
267354
267355
267356
267357
267649
267650
267651
267652
267653
267654
267655
267656
267657
267851
267852
267853
267854
267855
267856
267857
267858
267859
267860
267861
267862
267943
267944
267945
267946
267947
267948
267949
267950
267951
267952
267953
267954
267955
267956
26799
267996
267997
267998
267999
26800
26801
268053
268054
268055
268056
268057
268058
268062
268063
268064
268065
268066
268067
268068
268069
268070
268071
268341
268342
268343
268344
268345
268346
268347
268348
268349
268350
268388
268389
268390
268391
268392
268393
268394
268395
268396
268397
268404
268405
268406
268407
268408
268409
268436
268749
268750
268751
268752
268753
268754
268800
268801
268802
268803
268804
268805
268819
268820
268821
268822
268823
268824
268855
268924
268925
268926
268927
268928
268929
268930
268931
269053
269054
269055
269056
269057
269058
269059
269060
269061
269062
269299
269300
269301
269302
269303
269332
269333
269334
269335
269336
269337
269338
269339
269340
269341
269342
269514
269539
269784
269785
269786
269787
269788
269789
269825
270026
270027
270028
270029
270030
270031
270032
270033
270139
270140
270141
270142
270143
270144
270169
270170
270171
270172
270227
270228
270229
270230
270231
270232
270233
270234
270235
270236
270237
270238
270239
270240
270241
270242
270501
270502
270573
270574
270575
270576
270577
270578
270579
270580
270581
270582
270583
270584
270643
270644
270645
270646
270647
270648
270649
270650
270651
270652
270653
270734
270735
270736
270737
270738
270739
270740
270741
270742
270743
270791
270792
270793
270794
270795
270796
270797
270798
270799
270873
270874
270875
270876
270877
270878
270985
270986
270987
270988
270989
270990
271019
271020
271021
271022
271023
271024
271109
271110
271111
271117
271118
271119
271120
271121
271122
271123
271124
271125
271126
271127
271128
271171
271172
271173
271174
271175
271176
271191
271192
271193
271194
271195
271196
271197
271198
271199
271200
271201
271202
271203
271204
271284
271285
271286
271287
271288
271289
271290
271291
271292
271299
271434
271435
271436
271437
271438
271439
271440
271441
271552
271553
271632
271633
271634
271635
271636
271637
271673
271674
271675
271676
271677
271678
271679
271680
271687
271688
271689
271690
271691
271692
271738
271739
271740
271741
271742
271778
271779
271780
271781
271782
271783
271784
271785
271984
271985
271986
271987
271988
271989
271990
271991
272006
272007
272008
272009
272010
272011
272012
272013
2723
272465
272466
272467
272468
272469
272470
272633
272634
272635
272636
272637
272638
272662
272716
272717
272718
272719
272720
272721
272722
272723
272728
272852
272853
272854
272855
272856
272857
272858
273073
273074
273075
273076
273077
273078
273172
273173
273174
273175
273176
273177
273353
273354
273355
273356
273357
273358
273359
273479
273480
273669
273670
273671
273672
273673
273687
273688
273689
273690
273691
273692
273693
273694
273695
273696
273697
273698
273699
273709
273710
273711
273712
273713
273714
273715
273754
273755
273756
273757
273758
273759
273760
273771
273772
273773
273774
273775
273776
274017
274018
274019
274020
274021
274022
274152
274153
274154
274155
274156
274157
274239
274240
274241
274242
274243
274244
274245
274246
274482
274483
274484
274485
274486
274487
274488
274489
274490
274491
274492
274519
274520
274521
274522
274523
274524
27458
27459
274630
274631
274632
274633
274634
274635
274662
274663
274664
274665
274666
274667
274668
274669
274707
274708
274709
274710
274756
274757
274758
274759
274760
274761
274875
274876
274877
274878
274879
274880
274881
274882
274883
274908
274909
274910
274911
274912
274913
274914
274915
274995
274996
274997
274998
275073
275074
275075
275076
275077
275078
275098
275318
275319
275320
275321
275322
275323
275324
275325
275326
275327
275328
275329
275330
275331
275345
275346
275347
275348
275404
275405
275406
275407
275408
275409
27549
275738
275739
275740
275741
275742
275743
275744
275745
275746
275747
275748
275749
275750
275751
275752
275774
275775
275776
275777
275778
275779
275780
275781
275782
275783
275784
275785
275794
275795
275796
275797
275798
275799
27582
275916
275917
275918
275919
275920
275921
275922
275923
275924
275925
275926
275927
27597
27600
276015
276016
276017
276018
276019
276020
276050
27614
276246
276247
276248
276249
276250
276251
276252
276253
276254
276255
276256
276257
276258
276259
276260
276365
276366
276367
276368
276369
276370
276371
276372
276373
276374
276375
276376
276379
276380
276381
276382
276383
276384
276385
276393
276394
276395
276396
276397
276398
276399
276400
276567
276568
276569
276570
276571
276572
276573
276574
277272
277273
277274
277275
277315
277392
277393
277394
277395
277396
277397
277398
277463
277464
277465
277466
277467
277468
277535
277536
277537
277538
277539
277540
27762
27763
27764
277650
277651
277652
277653
277654
277655
277656
277657
277658
277659
277690
277691
277692
277693
277694
277695
277696
277697
277699
277700
277701
277702
277703
277704
277705
277706
277707
277708
277752
277753
277754
277755
277756
277757
277771
277772
277773
277774
277775
277776
277777
277778
277779
2778
277802
277803
277804
277805
277806
277807
277838
277839
277840
277841
277842
277843
277863
277864
277865
277866
277867
277868
278096
278097
278098
278099
278100
278101
278140
278141
278142
278143
278144
278145
278146
278147
278173
278174
278175
278176
278177
278178
278179
278180
278193
278194
278195
278196
278197
278198
278409
278410
278411
278412
278413
278414
278470
278471
278706
278707
278708
278819
278820
278821
278917
278918
278919
278920
278921
278922
278923
278924
278925
278926
278927
278928
278929
278930
278931
278932
278933
278934
278935
278936
278937
278938
278939
278940
278941
278942
278943
278944
278957
278958
278959
278960
278961
278962
278963
278964
278965
278966
278967
279005
279006
279036
279037
279038
279039
279040
279041
27908
279094
279095
279096
279097
279098
279099
279173
279174
279175
279176
279177
279178
279273
279274
279275
279276
279277
279278
279300
279301
279302
279303
279304
279305
279306
279307
279308
279309
279310
279311
279442
279443
279444
279445
279446
279447
279448
279449
279450
279451
279452
279453
279454
279455
2795
279505
279506
279507
279508
279509
279510
279511
279512
279513
279514
279515
279516
2796
27965
2797
279708
279709
279710
279711
279712
279713
279714
279715
279716
279717
279767
279768
279769
2798
2799
279912
279913
279914
279915
279916
279917
279918
279919
279920
279921
279923
279924
279925
279926
279927
279928
279929
279930
28010
280187
280188
280189
280190
280191
280192
280193
280239
280240
280241
280242
280243
280244
280245
280246
280247
280285
280286
280287
280288
280289
280290
280291
280292
280293
280294
280295
280296
280297
280298
280323
280324
280325
280326
280327
280328
28038
280502
280503
280504
280505
280506
280507
280586
280587
280588
280589
280590
281081
281082
281083
281084
281085
281086
281087
281088
281089
281153
281154
281155
281156
281157
281158
281159
281160
281161
281162
281176
281177
281178
281179
281180
281181
281182
281183
281184
281185
281186
281187
281213
281298
281299
281300
281301
281302
281303
281445
281446
281447
281448
281449
281450
281627
281628
281629
281630
281631
281632
281633
281634
281635
281636
281637
281638
281726
281727
281728
281729
281730
281731
281732
281733
281734
281735
281736
281737
281738
281739
281740
281741
281742
281743
281744
281991
281992
281993
281994
281995
281996
281997
281998
281999
282000
282001
282002
282003
282004
282318
282319
282320
282321
282322
282323
282464
282465
282466
282467
282468
282469
282473
282512
282513
282514
282515
282516
282576
282577
282578
282579
282580
282581
282582
282583
282584
282585
282586
282587
282628
282629
282630
282631
282632
282633
282766
282767
282768
282769
282770
282771
282772
282773
282809
282810
282811
282812
282813
282814
282815
282816
282817
282818
282896
282897
282898
282899
282900
282901
282902
282903
282904
282905
282906
282907
28296
282974
282975
282976
282977
283011
283012
283013
283014
283015
283016
283017
283054
283055
283056
283057
283058
283059
283060
283061
283062
283063
283064
283065
283066
283067
283068
283069
283070
283142
283156
283157
283158
28316
283207
283208
283209
283210
283211
283212
283217
283218
283219
283220
283221
283222
283223
283224
283229
283230
283231
283232
283233
283234
283356
283357
283358
283359
283360
283361
283475
283476
283477
283478
283479
283480
283481
283491
283492
283493
283494
283495
283496
283497
283498
283499
283500
283501
283502
283503
283504
283525
283526
283527
283528
283529
283530
283531
283532
283533
28361
28362
28366
28375
28386
283869
28387
283870
283871
283872
283873
283874
283875
283876
283877
283878
283879
28388
283880
283881
283882
283883
283884
28389
28390
28394
284005
284006
284007
284008
284009
284010
284174
284175
284176
284177
284178
284179
284180
284181
284182
284183
284184
284185
284186
284240
284326
284327
284328
284329
284330
284331
284332
284333
284334
284335
284370
28440
28441
28442
28443
284457
284458
284459
284460
284461
284462
284463
284470
284471
284472
284473
284474
284475
2845
284524
284525
284526
284527
284528
284529
284530
284531
284532
284533
28461
284649
284650
284651
284652
284653
284654
284655
284656
28471
284727
284728
284729
284730
284731
284732
284733
28475
28478
28480
28482
28483
2849
284950
284951
284952
284953
284954
284955
284956
285023
285024
285025
285026
285027
285028
285029
285030
285031
285032
285103
285104
285105
285106
285107
285108
285109
285110
285111
285149
285150
285151
285152
285183
285184
285185
285186
285187
285188
285272
285273
285274
285275
285276
285277
285278
285279
285280
285281
285282
285474
285475
285476
285477
285478
285479
285782
285783
285784
285785
285786
285787
285788
285789
285943
285944
285945
285946
285947
285948
286166
286167
286183
286184
286185
286186
28644
286564
286565
286566
286567
286568
286569
286637
286638
286639
286640
286641
286642
286742
286743
286744
286745
286746
286747
286936
286937
286938
286939
286940
286941
286942
286943
287107
287108
287109
287110
287111
287112
287113
287114
287115
287116
287228
287229
287230
287231
287232
287233
287234
287499
287500
287501
287502
287503
287504
287505
287506
287530
287531
287532
287533
287534
287535
287609
287610
287611
287612
287613
287614
287615
287616
287894
287895
288303
288304
28834
288355
288546
288547
288548
288549
288550
288551
288552
288553
288554
288555
288556
288557
288558
288559
288560
288561
288605
288606
288607
288608
288609
288610
288611
288612
288613
288614
288701
288736
288737
288738
288739
288740
288741
288896
288897
288898
288899
288900
288901
288902
288903
288965
288966
288967
288968
289126
289127
289128
289138
289139
289140
289141
289142
289143
289144
289145
289146
289147
289148
289149
289163
289164
289165
289179
289192
289193
289194
289195
289196
289197
289198
289199
289200
289212
289248
28926
289628
289787
289788
289789
289790
289791
289792
289801
289802
289803
289804
289805
289806
289807
289808
289828
289829
289830
289831
289832
289833
289862
289863
289864
289865
289866
289867
289868
289869
289870
289871
289872
289873
289874
289875
289876
289877
289878
289879
290080
290081
290082
290083
290084
290085
290184
290299
290300
290301
290302
290303
290304
290313
290314
290315
290316
290317
290318
290319
290320
290321
290322
290323
290347
290348
290349
290350
290351
290352
290353
290354
290405
290406
290407
290408
290409
290410
290411
290412
290413
290667
290668
290669
290670
290797
290798
290799
290800
290801
290802
290803
290804
290891
290892
290893
290894
290895
290896
290921
290922
290923
290924
290925
290926
290927
290928
290929
290939
290940
290941
290942
290943
290944
290966
290967
290968
290969
290970
290971
291056
291057
291058
291059
291060
291061
291062
291063
291224
291225
291275
291276
291277
291278
291279
291280
291417
291418
291419
291420
291421
291422
291423
291424
291581
291582
291583
291584
291585
291586
291587
291588
291589
291638
291639
291640
291641
291657
291658
291659
291660
291661
291662
291663
291680
291681
291682
291717
291718
291719
291720
291721
291722
291970
291971
291972
291973
291974
291975
292032
292033
292034
292035
292036
292037
292260
292261
292262
292263
292264
292265
292353
292371
292372
292373
292374
292375
292376
292377
292524
292525
292526
292527
292528
292529
292620
292621
292622
292623
292624
292625
292626
292627
292628
292629
29267
29269
29270
292715
292716
292717
292718
292719
292720
292721
292722
292814
292815
292816
292817
292905
292906
292907
292908
292909
292910
293119
293120
293121
293122
293123
293124
29319
29320
29321
29322
293262
293263
293264
293265
293266
293267
293293
293294
293295
293296
293297
293298
293406
293407
293408
293409
293410
293411
293412
293413
293414
293415
293416
293417
293425
293426
293452
293453
293454
293455
293456
293502
293503
293504
293505
293506
293507
293625
293626
293627
293628
293629
293630
293656
293657
293658
293659
293660
293661
293785
293786
293787
293788
293789
293790
293868
293869
293870
293871
293872
293873
294007
294008
294009
294010
294011
294012
294025
294026
294071
294072
294073
294074
294075
294076
294148
294228
294239
294240
294350
294351
294352
294353
294354
294355
294356
294357
294358
294359
294360
294361
294395
294568
294569
294570
294571
294572
294573
294691
294692
294693
294694
294695
294696
294697
294698
294717
294718
294719
294720
294721
294722
294766
294767
294768
294769
294770
294771
294772
294773
294774
294828
294829
294830
294959
294960
294961
294962
294963
294964
295079
295080
295081
295082
295083
295084
295218
295219
295220
295221
295222
295223
295224
295225
295226
295429
295430
295431
295432
295433
295434
295441
295442
295443
295444
295445
295446
295447
295448
295449
295450
295451
295452
295549
295550
295551
295559
295560
295561
295562
295563
295564
295565
295566
295567
295568
295574
295575
295576
295577
295578
295579
295580
295581
295582
295583
295584
295585
295586
295599
295600
295601
295602
295603
295604
295940
295941
295942
295947
295948
295949
295950
295951
295952
296053
296183
296184
296308
296309
296310
296311
296312
296313
296501
296502
296503
296504
296505
296506
296707
296708
296709
296710
296711
296712
296713
296714
296739
296740
296741
296742
296918
296919
296920
296921
296922
296923
296924
296925
296926
296949
296950
296951
296952
296953
296954
297096
297097
297098
297099
297100
297101
297164
297165
297166
297167
297168
297169
297170
297171
297392
297393
297394
297395
297396
297397
297398
297496
297497
297498
297499
297550
297701
297702
297703
297704
297705
297706
297805
297806
297807
297808
297809
297810
297910
297911
297912
297913
297914
298006
298007
298008
298009
298010
298039
298040
298041
298042
298043
298044
298047
298048
298058
298059
298060
298061
298062
298063
298064
298065
298066
298067
298085
298086
298087
298088
298089
298090
298091
298092
298347
298348
298349
298350
298351
298352
298366
298367
298368
298369
298370
298371
298502
298503
298504
298505
298506
298507
298508
298509
298696
298697
298698
298699
298700
298701
298702
298703
298704
298705
298706
298707
298708
298717
298718
298719
298720
298721
298722
298723
298724
298725
298726
298733
298734
298735
298736
298737
298738
298868
298869
298870
298871
298872
298873
298915
298916
298917
298918
298919
298920
298921
298951
298952
298953
298954
298955
298956
299017
299018
299019
299020
299021
299022
299023
299024
299025
299026
299027
299028
299029
299030
299031
299032
299033
299034
299035
299036
299037
299038
299039
299040
299075
299076
299111
299112
299113
299114
299115
299116
299117
299128
299129
299211
299212
299213
299214
299215
299216
299217
299218
299225
299226
299227
299228
299229
299230
299231
299232
299233
299234
299235
299236
299298
299395
299438
299651
299652
299653
299654
299655
299656
299746
299747
299748
299749
299750
299751
299752
299753
299754
299807
299808
299809
299810
299811
299812
299837
299838
299941
299942
299943
299944
299945
299946
300188
300189
300190
300191
300192
300193
300234
300235
300290
300291
300292
300293
300294
300295
300296
300297
300465
300564
300565
300566
300567
300568
300569
300581
300582
300583
300584
300585
300586
300720
300721
300722
300723
300724
300725
300726
300727
300728
300729
300822
300823
300824
300825
300826
300827
300828
300829
300830
300831
300832
300833
30095
30096
30097
30098
30099
301589
301590
301591
301592
301593
301594
301595
301596
301599
301600
301601
301602
301603
301604
301669
301737
301738
301739
301740
301741
301742
301862
301863
301864
301865
301866
301867
301868
301869
301939
301940
301941
301942
301943
301944
301945
301946
301947
301948
301949
301950
301951
301952
301953
301954
302006
302007
302008
302009
302010
302011
302103
302104
302105
302106
302107
302108
302109
302110
302162
302163
302164
302165
302166
302167
302168
302169
302193
302194
302195
302196
302197
302198
302336
302337
302338
302339
302340
302341
302342
302343
302356
302357
302358
302359
302360
302361
302362
302363
302372
302420
302421
302422
302423
302424
302425
302436
302437
302438
302439
302440
302441
302442
302443
302504
302585
302685
302686
302687
302688
302689
302690
302836
302837
302838
302839
302840
302841
302850
302851
302852
302853
302889
302890
302891
302892
302893
302894
303090
303091
303109
303110
303111
303302
303303
303304
303305
303306
303307
303308
303309
303310
303311
303312
303313
303314
303315
303316
303317
303491
303594
303595
303596
303597
303598
303599
303650
303651
303652
303653
303654
303655
303799
303800
303801
303802
303803
303981
303982
303983
304046
304047
304048
304049
304050
304051
304052
304053
304054
304110
304111
304112
304113
304114
304115
304116
304117
304135
304136
304137
304138
304139
3042
304215
304236
304237
304238
304239
304240
304241
304242
304243
304244
304245
304246
304247
304248
304249
304250
304251
304252
304253
304254
304255
304256
304257
304258
304259
304260
304261
304262
304263
304264
304265
3043
304360
304361
304362
304363
304364
304365
304366
304367
304368
304369
304426
304427
304428
304429
304430
304431
304432
304433
304581
304582
304583
304584
304585
304586
304847
304848
304849
304850
30486
30487
304884
304885
304886
304887
304888
304889
304890
30492
304927
304928
304929
304930
304931
304932
304934
304935
304936
304937
304938
304939
3050
305002
305003
305004
305005
305006
305007
305008
305189
305268
305269
305270
305271
305272
305273
305390
305391
305392
305393
305394
305395
30548
305492
305493
305494
305495
305496
305497
305498
305499
30551
30552
30553
305580
305581
305582
305583
305584
305585
305697
305698
305699
305700
305701
305702
305742
305743
305744
305745
305746
305747
305805
305806
305923
305924
305925
305926
305927
305928
305930
305931
305932
305933
305934
305935
305936
305967
306062
306226
306349
306350
306351
306352
306353
306354
306754
306802
306873
306874
306875
306876
306877
306878
306879
306880
307363
307364
307365
307366
307367
307368
307440
307441
307442
307443
307444
307445
307599
307600
307601
307602
307603
307604
307651
307652
307653
307654
307655
307656
307657
307658
307702
307703
307704
307705
307706
307707
307708
307709
307710
307711
307726
307727
307728
307729
307730
307731
307732
307733
307734
307800
307801
307802
307803
307804
307805
307847
307848
307849
307850
307851
307852
307853
307854
307910
307911
307912
307913
307914
307915
307930
307931
307932
307933
307934
307935
307936
307937
307938
308010
308011
308012
308013
308014
308015
308057
308058
308059
308060
308061
308062
308063
308064
308081
308082
308083
308084
308085
308086
308167
308168
308169
308170
308171
308172
308173
308174
308211
308212
308213
308214
308215
308216
308217
308240
308241
308242
308243
308244
308245
30842
30843
308454
308455
308456
308457
308458
308459
30847
30850
308509
308510
308511
308512
308513
308514
308515
308516
308611
308612
308613
308614
308615
308616
308617
308618
308692
308693
308694
308695
308696
308697
308731
308732
308733
308734
308735
308736
308803
308804
308805
308806
308807
308808
308809
308810
309012
309013
309014
309015
309016
309017
309128
309129
309130
309131
309132
309133
309163
309164
309165
309166
309167
309168
309169
309170
309179
309180
309181
309182
309183
309184
309238
309239
309240
309241
309242
309243
309342
309343
309344
309345
309423
309424
309425
309426
309427
309428
309452
309453
309454
309455
309456
309457
309458
30953
30954
30956
309640
309641
309685
309686
309687
309688
309689
309690
309691
309692
309762
309763
309764
309765
309766
309871
309872
309873
309874
309875
309876
309877
309878
309902
309903
309904
309905
309906
309907
309922
309923
309924
309925
309926
309933
309934
3101
310104
310105
310106
310107
310108
310109
310138
310139
310140
310141
310142
310143
310144
310145
3102
310286
310287
310288
310289
310290
310291
310298
310299
310300
310301
310302
310303
310376
310377
310378
310379
310380
310381
310522
310523
310524
310666
310667
310668
310669
310670
310671
310672
310673
310674
310675
310676
310677
310678
310679
310680
310681
310682
310683
31069
310741
310742
310743
310744
310745
310746
310841
310842
310843
310844
310845
310846
310900
310901
310902
310903
310904
310905
310906
310907
310908
310909
311036
311053
311246
311247
311248
311249
311250
311251
311457
311458
311459
311460
311461
311462
311591
311592
311593
311594
311595
311596
311686
311886
311887
311888
311889
311890
311891
311892
311932
311933
311934
311935
311936
311937
311938
312007
312008
312009
312010
312011
312012
312013
312014
312015
312265
312266
312267
312268
312269
312270
312326
312327
312328
312329
312330
312331
312332
312333
312334
312335
312336
312337
312488
312489
312490
312491
312492
312493
312494
312495
312496
312530
312531
312532
312533
312789
312790
312791
313195
313196
313197
313198
313199
313205
313293
313294
313295
313296
313297
313298
313325
313326
313327
313328
313329
313330
313386
313387
313388
313389
313390
313391
313400
313401
313402
313403
313421
313422
313423
313424
313425
313426
313427
313428
313507
313508
313509
313510
313511
313512
313528
313529
313530
313531
313532
313533
313580
313581
313582
313583
313584
313585
3136
313619
313620
313621
313622
313623
313624
313625
313626
313627
313628
313629
313630
313631
313632
313633
313634
313635
313636
313637
313638
313639
313640
313664
313665
313666
313678
313679
313680
313681
313682
313683
313692
313693
313694
313695
313696
313697
313698
313699
313700
313773
313774
313775
313776
313777
313778
313806
313831
313832
313833
313834
313835
313836
313837
313838
313839
313840
313967
313968
313969
313970
313971
313972
313973
313974
314250
314251
314252
314253
314254
314255
314303
314304
314305
314306
314307
314308
314309
314310
314316
314317
314318
314319
314320
314321
314322
314323
314324
314325
314326
314327
314328
314329
314330
314331
314365
314366
314367
314368
314369
314370
314430
314431
314432
314433
314434
314435
314529
314530
314531
314532
314533
314534
314535
314536
314561
314562
314563
314564
314565
314566
314567
314568
314583
314584
314585
314586
314587
314588
314589
314590
314591
314592
314593
314594
314595
314596
314597
314598
314609
314610
314611
314612
314613
314614
314737
314738
314739
314740
314741
314742
314743
314744
314745
314808
314809
314810
314811
314812
314813
314814
314815
314816
314817
314818
314819
314820
314821
314822
314823
314824
314852
314853
314854
314855
314856
314857
314858
314859
314860
314861
314862
314863
314883
314884
314885
314886
314887
314888
315010
315011
315012
315013
315014
315015
315016
315087
315088
315089
315090
315091
315092
315125
315126
315127
315128
315129
315130
315131
315132
315133
315142
315143
315149
315150
315151
315152
315153
315154
315155
315156
315157
315158
315159
315160
315179
315180
315181
315182
315183
315184
315185
315186
315187
315188
315189
315190
315191
315192
315193
315263
315264
315265
315266
315267
315268
315341
315342
315343
315344
315345
315346
315372
315373
315479
315480
315481
315482
315483
315484
315557
315558
315559
315560
315561
315562
315563
315564
315565
315690
315691
315692
315693
315694
315695
315895
315896
315897
315898
315899
316222
316240
316241
316242
316243
316244
316245
316246
316247
316248
316249
316250
316251
316252
316253
316363
316364
316365
316366
316367
316368
316369
316370
316371
316372
316380
316381
316382
316383
316384
316385
316386
316387
316388
316389
316390
316391
316426
316427
316428
316429
316430
316431
316432
316471
316472
316473
316474
316475
316476
316513
316514
316515
316516
316517
316518
316526
316527
316528
316529
316530
316594
316595
316596
316597
316598
316599
316600
316633
316634
316635
316636
316637
316638
316687
316688
316689
316690
316691
316692
316864
316865
316866
316867
316868
316869
316870
316871
316872
316873
316874
316875
316876
316877
316878
316879
316890
316891
316892
316893
316894
316895
316896
316897
316898
316899
316900
316901
316902
316903
316904
316905
316906
316907
316908
316909
316910
316911
316912
316913
316914
316915
316916
316917
316924
316925
316926
317055
317056
317057
317058
317059
317060
317061
317062
317063
317064
317091
317092
317222
317223
317224
317225
317226
317227
317228
317229
317230
317231
317298
317299
317300
317301
317302
317303
317361
317476
317477
317478
317479
317480
317481
317552
317553
317554
317555
317556
317557
317558
317559
317560
317561
317626
317627
317628
317629
317630
317631
317632
317633
317634
317727
317728
317729
317730
317731
317732
317752
317753
317754
317755
317756
317757
317758
317759
317760
317761
317885
317886
317887
317888
317889
317890
317891
317892
317893
317894
317895
317896
317897
317898
317899
317900
317901
317902
317903
317948
317949
317950
317951
317952
317953
317954
317955
317956
317957
317958
318007
318039
318040
318041
318042
318043
318044
318045
318046
318063
318064
318065
318066
318067
318068
318131
318132
318133
318134
318135
318136
318191
318192
318193
318194
318195
318196
318197
318198
318199
318283
318284
318285
318286
318287
318288
318289
318290
318291
318292
318340
318341
318342
318343
318344
318345
318363
318364
318365
318366
318367
318368
318369
31837
31838
318387
318388
318389
31839
318390
318391
318392
318393
318394
31840
31841
318467
318468
318469
318470
318471
318472
318473
318474
318475
318476
318485
318486
318487
318488
318489
318490
318584
318630
318631
318632
318633
318634
318635
318758
318759
318815
318816
318817
318818
318819
318820
318821
318822
318896
318897
319313
319314
319315
319316
319317
319318
319358
319359
319360
319547
319548
319549
319550
319551
319552
319553
319554
319598
319599
3196
319600
319601
319602
319603
319604
319636
319637
319647
319648
319649
319650
319651
319652
319653
319654
319655
319656
319657
319658
319667
319668
319669
319670
319671
319672
319673
319674
319675
319676
3197
319700
319701
319702
319703
319704
319705
319721
319722
319723
319724
319725
319726
319753
319754
319755
319756
319757
319758
319827
319828
319829
319830
319831
319832
3199
320067
320068
320069
320070
320071
320072
320080
320081
320082
320083
320084
320085
320086
320087
320088
320089
320090
3201
320152
320153
320154
320155
320156
320157
320158
320159
320160
320161
320172
320173
320174
320175
320176
320177
320211
320212
320213
320214
320215
320216
320281
320282
320283
320284
320285
320286
320287
320288
320339
320340
320341
320342
320343
320344
320345
320346
320371
320372
320373
320374
320375
320376
320377
320378
320379
320419
320420
320421
320468
320469
320530
320531
320532
320533
320534
320535
320536
320549
320550
320551
320552
320553
320554
320610
320611
320612
320613
320614
320615
320616
320617
320649
320650
320651
320652
320653
320654
320655
320656
320657
320786
320787
320788
320789
320790
320791
320792
320793
320794
320795
320796
320797
320798
320799
320800
320801
320802
320803
320804
320931
320932
320933
320934
320935
320936
320937
321010
321011
321012
321013
321014
321015
321016
321017
321018
321019
321020
321302
321303
321304
321305
321306
321307
321308
321317
321318
321319
321320
321321
321322
321333
321334
321335
321336
321337
321338
321494
321495
321496
321497
321498
321499
321500
321501
321527
321528
321529
321530
321531
321532
321533
321534
321563
321564
321565
321566
321567
321568
321580
321581
321582
321583
321584
321585
321586
321587
321588
321815
321816
321817
321818
321819
321820
321875
321876
321877
321878
321879
321880
321881
321882
321891
321892
321893
321894
321895
321896
322007
322008
322009
322010
322011
322012
322112
322113
322114
322115
322116
322194
322195
322338
322339
322340
322341
322342
322343
322344
322345
322346
322347
322348
322349
322396
322397
322398
322399
322400
322421
322422
322423
322424
322425
322426
322427
322428
322429
322430
322431
322432
322433
322434
322435
322460
322461
322462
322463
322464
322465
322466
322467
322468
322539
322540
322541
322542
322543
322544
322551
322552
322553
322554
322555
322556
322557
322558
322559
322560
322561
322643
322644
322645
322646
322647
322648
322649
322650
322651
322652
322730
322731
322732
322733
322734
322735
322779
322780
322781
322782
322783
322784
322785
322786
322787
322788
322833
322834
322835
322836
322837
322838
323032
323033
323034
323035
323036
323037
323196
323197
323198
323199
323200
323201
323234
323235
323236
323237
323544
323545
323546
323547
323548
323563
323682
323683
323684
323685
323686
323687
323688
323689
323755
323756
324109
324110
324111
324112
324113
324114
324173
324174
324175
324176
324177
324178
324179
324184
324185
324186
324187
324188
324189
324190
324316
324317
324318
324319
324320
324321
324322
324431
324432
324433
324434
324435
324436
324502
324503
324504
324505
324506
324507
324508
324509
324520
324521
324522
324523
324524
324525
324526
324527
324528
324529
324530
324531
324532
324533
324534
324535
324536
324537
324538
324539
324646
324647
324648
324649
324765
324766
324767
324768
324769
324770
324794
324795
324796
324797
324798
324799
324800
324801
324802
324803
324804
324844
324845
324846
324847
324854
324855
324856
324864
324865
324866
324867
324868
324869
325360
325361
325362
325363
325364
325365
325366
325376
325394
325395
325396
325397
325398
325399
325406
325407
325408
325409
325410
325411
325635
325636
325637
325663
325664
325665
325666
325746
325747
325748
325749
325750
325751
325752
325753
325754
325828
325847
325848
325849
325850
326019
326020
326021
326022
326023
326024
326110
326111
326112
326113
326114
326126
326127
326128
326129
326130
326131
326132
326162
326163
326198
326199
326216
326217
326218
326219
326220
326236
326237
326238
326239
326240
326241
326242
326243
326561
326562
326563
326564
326565
326566
326567
326568
326569
326617
326667
326668
326669
326670
326671
326672
326844
326845
326846
326847
326848
326849
32685
326850
326851
326852
326853
326854
326871
326872
326875
326876
326877
326878
326879
326880
326940
32696
327052
327053
327054
327055
327056
327057
327058
327241
327242
327268
327269
327270
327271
327272
327315
327316
327317
327318
327319
327320
327321
327322
327455
327456
327457
327458
327459
327460
327461
327462
327463
327464
327465
327466
327467
327491
327492
327493
327494
327495
327496
327499
327500
327501
327502
327503
327504
327563
327587
327588
327589
327590
327591
327592
32770
32771
32773
327743
327744
327745
327746
327747
327754
327755
327756
327757
327758
327759
327760
327761
327762
327763
327764
327765
328042
328043
328044
328045
328046
328047
328108
328280
328281
328282
328283
328284
328285
328286
328287
328321
328322
328323
328324
328325
328326
328327
32934
33132
33135
33149
33152
3345
33973
33986
340
341
34273
34282
34351
34355
34463
34464
34465
34466
34467
34468
34470
345
34589
34735
34741
34747
3478
34801
349
34911
34922
34926
34930
34956
34957
34958
350
35054
35171
354
35415
35419
35496
35507
35561
35595
35596
35633
35678
35680
36092
36395
36397
36406
36407
36408
36416
36419
36420
36524
36680
367
36764
36765
36774
36785
36791
368
36827
36928
36929
36940
36941
36942
36943
36956
36957
36958
36959
36963
36965
36966
37007
37033
37035
37036
37038
37041
37160
37341
37348
37482
37484
37595
37596
37597
37598
37606
37607
37613
37616
37618
37619
37885
37928
3819
3821
3822
38301
38446
38451
38757
38782
38899
38900
38902
38905
38908
38941
38942
38943
38945
38947
38948
38949
38950
38956
38957
38983
39167
39183
39185
3955
39767
39866
39927
39928
3999
4000
4001
4002
4003
4006
40069
4007
40070
40071
4008
4009
4015
40160
4019
40356
40461
40552
40642
40653
4066
40666
4068
40682
40698
40705
40717
40718
40731
40735
40738
40801
40864
40865
40876
40910
4102
4103
41118
4115
4116
4119
4120
4122
41288
41294
41424
4146
41460
4149
41493
4150
4151
41642
41668
41759
41771
42119
42254
42340
42533
42688
42697
4288
42881
4291
43033
4310
4312
4314
4315
4318
43190
4321
43292
43367
43516
43569
43718
4378
43797
4384
43921
4399
44077
44085
441
44103
44197
44256
44341
44383
44391
44452
44464
44514
44616
44642
44653
44665
44729
44780
45289
4532
45343
45402
45451
45452
45462
45476
45517
45659
45660
45692
45694
45720
45727
45842
4586
4587
4588
45888
45889
4589
45895
45896
459
45904
4591
4593
45931
4594
45969
4601
46071
46086
46354
46355
46478
4648
46580
46583
466
46687
4670
4672
46940
46977
47026
4704
47067
47102
47148
47177
47202
47286
47443
47444
47492
47493
47561
47618
47695
47697
47703
47747
4777
47849
47850
47898
48083
48135
4825
48325
48347
48391
4854
4855
48700
48726
4883
4884
48848
4885
48861
48870
4892
48927
4893
4898
48980
4901
49066
49067
49068
49114
49204
49205
49207
49208
49250
49251
49252
49253
49254
49255
49256
49257
49286
49287
49288
49289
49290
49298
49299
49448
49581
49631
49839
49888
49890
49900
49902
49933
49962
49993
50038
50262
50263
50354
50382
50388
50402
50405
50452
5058
5060
5061
5063
5066
5067
50678
50722
50940
50941
51034
51142
51395
51473
51509
51605
51637
51723
51866
51870
51876
51920
51978
51979
51980
52123
52141
52154
52159
52352
52363
5242
52470
52471
52473
52508
52511
52577
52718
52822
52996
53338
53373
53426
53474
53661
53665
53712
53713
53765
53766
53768
53769
53770
53771
53772
53773
53775
53776
53777
53779
53780
53781
53782
53783
53784
53785
53786
53789
53792
53793
53801
53806
53807
53808
53809
53810
53811
53812
53813
53815
53816
53818
53820
53823
53827
53828
53848
53849
53854
53855
53857
53858
53859
53865
53867
53875
5389
5390
5411
54239
54268
54325
54337
54375
54401
54420
54422
54425
54427
54428
54429
54432
54480
54481
54484
54486
54487
54488
54489
54490
54491
54492
54493
54494
54495
54498
54500
54501
54502
54503
54504
54505
54507
54508
54509
54510
54512
54518
54519
54520
54521
54522
54524
54526
54527
54528
54530
54531
54533
54534
54535
54536
54537
54538
54539
54540
54541
54543
54544
54647
54923
55123
55267
55279
5530
5535
55366
55485
55486
55487
55489
55490
55491
55492
55496
55499
55501
55502
55503
55504
55519
55520
55527
55529
55530
55532
55533
55646
55648
55650
55651
55652
55654
55655
55656
55657
55658
55660
55671
55674
55675
55676
55679
55680
55681
55682
55685
55705
55712
55713
55714
55715
55716
55717
55718
55720
55721
55723
55724
55728
55731
55733
55734
55735
55736
55737
55738
55742
55743
55744
55745
55746
55773
55786
55797
55849
55922
55934
56004
56011
56013
56040
56066
56316
56325
56329
56388
56417
56546
56660
56803
56806
56825
56828
56833
56866
56876
56880
57006
57009
57011
57012
57013
57014
57015
57017
57021
57022
57023
57025
57124
57266
57301
57330
57352
57399
5744
57500
57523
57526
57530
57531
57556
5767
5770
5771
5772
5773
57761
57762
57777
57847
57852
57853
57854
57857
57859
57860
57861
57862
57863
57865
57867
57868
57869
57870
57871
57874
57875
57878
57879
57880
57881
57883
57885
57888
57889
57892
57903
57906
57907
57911
57912
57913
57914
57918
57921
57922
57923
57924
57925
57926
57927
57930
57931
57933
57934
57935
57936
58000
58143
58221
58228
58229
58230
58248
58274
58284
58289
58349
58352
58415
58457
58458
58460
58480
58504
58516
58524
58527
58534
58611
58618
58639
58666
5869
5871
58756
58758
58761
58763
58766
58767
58768
58770
58786
58795
58799
58846
58847
58848
58886
58891
58948
58990
59005
59060
59093
59096
59108
59111
59114
59115
59138
59174
59181
59216
59420
59435
59444
59445
59449
59473
59482
59489
59507
59520
59521
59555
59557
59559
59560
59561
59563
59571
59578
59580
59581
59582
59583
59584
59673
59674
59678
59744
59881
59884
59891
60173
60202
60203
60234
60246
60306
60307
60308
60375
60482
60518
60609
60612
60626
60634
60717
60784
60799
60803
60815
60816
60818
60822
60828
60832
60833
60834
60844
60845
60846
60850
60867
60872
60907
60928
60969
60971
60973
60983
60997
61039
61066
61129
61130
61134
61135
61138
61139
61141
61142
61143
61144
61145
61146
61147
61148
61150
61154
61160
61161
61162
61163
61164
61168
61184
61189
61204
61297
61298
61368
61390
61391
61393
61394
61434
61435
61436
61437
61438
61440
61441
61442
61443
61444
61445
61446
61447
61448
61449
61485
61554
61557
61616
61619
61631
61690
61691
61701
61798
61799
61800
61815
61838
61865
61917
61961
62100
62107
62114
62121
62122
62123
62159
62202
62379
62471
62475
62481
62776
62793
62795
62800
63010
63014
63019
63032
63033
63106
63158
63191
63194
63236
63267
63268
63283
63341
63464
63489
63716
63747
63748
63749
63766
63820
63822
63836
63847
63848
63861
64073
64082
64086
64097
64113
64116
64117
64145
64215
64295
64344
64411
64412
64415
64432
64469
64499
64511
64556
64699
64706
64762
64906
64914
65005
65008
65009
65010
65018
65092
65221
65279
65321
65342
65389
65462
65468
65496
65509
65515
65518
65519
65686
65830
6586
65896
65897
66018
66082
66126
66143
66144
66147
66175
66319
66380
66435
66539
66582
66619
66620
66798
66905
67034
67036
67053
67055
67180
67187
67188
67201
67273
67281
67292
67296
67347
6736
6738
6739
67391
67424
67453
67456
67488
67569
67661
67703
67734
67736
67737
67831
67837
67851
67861
67864
67868
67869
67871
67873
67874
67875
67876
67877
67892
67895
67897
67898
67922
67991
67995
67996
68241
68244
68257
68290
68361
68365
68520
68549
68671
68921
68936
68942
6899
69093
69100
69140
69141
69146
69157
69186
69187
69193
69194
69199
69201
69202
69204
69220
69274
69275
69276
69277
69278
69280
69281
69283
69285
69286
69415
69428
69431
69435
69438
69440
69454
69514
69539
6954
6955
69618
69632
69707
69708
69710
69819
69853
69854
69861
69862
69864
69865
69866
69869
69874
69875
69881
69910
69911
69912
69913
69939
69940
69942
70022
7003
70035
7004
70069
70074
70255
70393
70425
70426
70427
70445
70527
70586
70643
70678
70738
70740
70748
70749
70768
70775
70776
70886
70927
71018
71026
71027
71078
71200
7122
71257
71325
71332
71384
71446
71463
71490
71527
71546
71575
71715
71716
71723
71779
71933
71985
71987
72033
72065
72137
72141
72142
72155
72203
72239
72258
72263
72276
72406
72423
7247
7248
72528
72530
72531
72538
72603
72689
72690
72972
72985
73084
73130
73214
73335
73336
73470
73473
73580
7368
73744
73777
73781
73896
73899
73942
74021
74022
74284
74303
74308
74460
74462
74502
7454
74542
74605
74857
74907
74909
7501
75051
75059
75090
75126
75291
75292
75439
7570
75758
75935
76011
76127
76128
76182
76300
76306
76319
76459
76461
76671
76672
76674
76675
76794
76952
77137
77205
77327
7737
77446
7745
7747
7749
7750
77527
77547
77554
77744
77747
77749
77750
77756
77860
77863
7790
7791
7792
7793
7794
7795
7796
77988
78003
7803
7804
7805
7806
7808
7809
7810
78199
78246
78258
78296
7830
78399
78647
78692
78807
7885
78996
79045
79047
79060
79067
79071
79079
7909
7910
79104
7911
79123
79142
79220
79287
79312
79683
79812
79814
79815
79816
79817
79820
79821
79823
79914
79931
79952
79955
801
80147
80323
80643
80870
80969
81066
81528
81589
81680
81791
81847
82145
82246
82258
82312
82379
82399
82400
82403
82426
82480
82533
82607
82672
82709
82728
82729
82751
82783
82878
82922
82940
82951
83001
83003
83089
83216
83371
83374
83384
83400
83403
83404
83407
83420
83424
83431
83432
83437
83439
83446
83452
83453
83454
83455
83456
83460
83464
83509
83513
83517
83520
83534
83536
83543
83546
83590
83619
83659
83677
83688
83724
83735
83760
83797
83806
83809
83811
83829
83831
83833
83854
83862
83864
83865
83871
83879
83881
83999
84125
84147
84207
84221
84333
84387
84409
84417
84518
8453
8455
8456
8458
84585
8459
84599
84623
84625
84627
84628
84647
84651
84846
84848
84849
84861
84862
84865
84867
849
84913
85037
85038
85039
85079
85088
851
852
85204
85482
85526
85552
85553
85573
85682
85733
85735
85747
85749
85790
85807
85811
85825
85826
85852
85864
85871
85929
85943
86202
86203
86218
86225
86252
86265
86334
86339
86366
86378
86384
86391
86396
86428
86433
86439
86460
8654
8655
86554
86572
86584
86592
86604
86617
8662
86621
86634
86635
86659
86717
86872
86882
86957
87014
87038
87146
8716
8723
8724
87273
87275
87356
87511
87535
87537
87552
87554
87563
87600
87603
87619
87636
87644
87653
87657
87676
87700
87740
87743
87745
87767
87812
87816
87819
87836
87837
87854
87872
87897
87902
87919
87935
87950
88027
88105
88114
88130
88164
88185
88227
88347
88570
88618
88712
88739
88852
88871
88875
88884
88940
88962
88971
88972
88981
89012
89049
89092
89093
89105
89181
89247
89296
89311
89342
8935
89362
89396
89399
89414
89419
8943
89439
89440
89453
89459
89461
89462
89463
89464
89467
89472
89477
89479
89530
89565
89603
89637
89638
89675
89681
89690
89715
89854
89860
89861
89864
8987
89882
89888
89899
89900
89902
89925
90077
90132
90140
90141
90142
90157
90161
90197
90335
90336
90352
9047
9049
9050
90503
90504
90523
90527
90528
90529
90531
90561
90563
90565
9061
9070
90712
90749
90951
90952
90962
90971
90976
90977
91095
91101
91103
91108
91128
91145
91157
91167
91168
9117
91319
91333
91338
91371
91446
91451
91548
91780
91806
91807
91811
91836
91842
91871
91920
91954
92025
92035
92046
92047
92048
92049
92050
92059
92153
92171
92234
92360
92361
92363
92366
92367
92374
92416
92420
92439
92446
92478
92483
92490
92491
92492
92494
92498
92504
92513
9254
9274
92746
92747
92751
92768
9280
92823
92851
92926
92952
93065
93066
93067
93068
93230
93263
93278
93282
93291
93342
93376
93489
93490
93612
93613
93664
937
93862
93863
9387
9388
93886
939
93950
93985
940
94070
94143
9415
94152
94215
94230
94287
94326
94343
94347
9435
94371
94407
9451
94512
9455
9456
94562
9457
9459
9460
94604
94606
94644
9465
94650
94673
94819
94933
94975
94982
95063
951
95115
95174
95336
95392
95405
95476
95552
95635
95687
95800
96150
96198
96205
96215
96235
96391
96411
96432
96509
96528
96549
96612
96715
97265
97423
97707
97729
97762
97855
97857
97879
97944
98084
98086
98089
98186
98216
98242
98263
98308
9836
98365
98368
9837
98374
98387
9839
98395
98398
98411
98421
98490
98563
98588
98604
98606
98616
98630
98632
98694
98740
98754
98757
98760
98761
98768
98772
98774
98787
98801
98803
98804
98806
98824
98826
98841
98842
98845
98848
98849
98851
98852
98856
98877
98885
98888
98889
98895
98990
99091
99097
99177
99271
99286
99288
99290
99308
99312
99586
99588
99684
99802
9982
99836
99837
99939
99984
