1000
100003
100006
100083
1001
100147
100149
100163
100164
100172
100179
100180
1002
100202
100246
100249
100255
100256
100257
1003
1004
1005
100504
100534
100578
1006
100640
100668
1007
1008
100865
1009
1010
101128
101130
1012
1013
101468
101492
101554
101597
101609
101634
101816
101823
101872
101878
10188
101886
101909
101986
101998
102000
102006
10203
102088
102247
102279
102388
102510
1028
103040
103046
103116
103680
103933
104698
104700
104707
104726
1048
104814
105161
106086
106230
106382
106764
106814
106846
107454
107461
107666
10767
107705
108305
108478
108542
108578
108588
108596
108619
108732
108778
109655
109671
109709
10981
10982
109821
10983
10984
10985
109850
10986
10987
10988
10989
10990
10991
10992
109931
110135
110270
110351
110385
110392
110642
110769
110832
110850
1111
111230
112069
112194
112371
112635
112823
112833
112853
112856
11290
112944
112982
112983
113254
11337
11339
113430
114022
114485
114506
114741
114749
114750
1150
115002
115048
115077
115078
115105
115189
115283
115294
1154
11544
115442
115458
115461
115462
115464
115465
115475
115486
115510
115642
115785
116058
116065
116185
116268
116312
116320
116457
116482
116522
116743
116923
116925
117025
117168
117311
117426
117428
117429
117493
117568
117585
117690
117823
117908
118050
118148
118186
118196
118241
118340
118349
118351
118368
118425
118428
118429
118478
118589
118831
118841
118851
118888
118891
118904
118907
119145
119285
119289
119326
119328
119353
119389
119481
119483
119535
119702
119757
119777
119779
119787
119862
120083
120245
120308
120670
120803
120818
121189
121201
121306
121311
121329
121331
121354
121371
121378
121653
121717
121719
121869
121981
122932
122971
123005
123064
123099
123114
123117
123138
123213
123383
123423
123479
123744
123750
123764
123799
123805
123897
123902
123907
123908
123910
123926
123947
123957
124028
124076
124098
124124
124134
124138
124318
124332
124380
124390
124424
124481
124722
124892
124903
124910
124911
124912
124913
124919
125192
125233
125494
125626
125629
125637
125644
125825
125874
125944
125954
125955
126005
126010
126017
126032
126033
126035
126063
126156
126253
126633
127556
128839
128854
1292
1293
1294
129572
129680
129681
129724
129726
129735
129741
130262
131199
131370
131450
131456
1323
1324
1326
1331
1332
1333
133782
135789
136186
136359
136362
136579
136602
136902
137061
137129
137178
137290
137396
137467
137844
137858
138171
138248
138249
138256
138257
138281
138288
138350
138385
138424
138575
138577
138623
138686
138725
138808
138810
138876
139020
139049
139051
139152
139226
139341
139358
139383
139425
139446
139459
139470
139482
139549
139668
139755
139757
139793
139871
139997
139998
140079
140809
140891
141079
141633
1419
142265
142692
142775
142838
142849
142915
143141
143186
143253
143254
143850
143855
144002
144005
144025
144084
144164
144199
144260
144269
144821
144829
144845
145014
145149
145459
145599
145678
145738
145749
145856
145944
146048
146084
146134
146281
146297
146458
146467
146536
146733
146793
146796
146812
146943
146966
147009
147010
147014
147068
147086
147095
147097
147104
147302
147436
147753
148204
148219
148256
148280
148444
148608
148625
148663
148870
148914
148919
149171
149894
150038
150385
150398
150451
150452
150544
150634
150817
151012
151114
151457
151503
151522
151608
151716
151762
151823
151895
151935
152050
152084
152095
152121
152122
152132
152333
152449
152773
152855
152857
152880
152941
153032
153050
153140
153145
153170
153273
153439
153551
153561
153616
153757
153855
153991
154101
154207
154260
154329
154462
154505
154509
154677
154785
154794
154961
154986
155112
155185
155216
155436
155437
155502
155666
155697
155721
155770
155821
155860
156032
156164
156215
156221
156247
156331
156414
156417
156527
156592
156608
156621
156682
156811
156878
157136
157207
157213
157364
157401
157513
157679
157713
157853
157860
157954
157960
158000
158129
158256
158446
158511
158513
158526
158531
158534
158536
158540
158546
158547
158548
158550
158551
158559
158562
158563
158568
158581
158593
158606
158613
158627
158674
158801
158802
158839
158870
158900
158911
159017
159021
159098
159212
159331
159373
159395
159411
159429
159707
159736
159739
159776
159783
159857
159921
160147
160319
160327
160328
160477
160498
160558
160650
160752
160772
160815
160817
160871
161074
161236
161246
161250
161491
161557
161584
161615
161622
161637
161665
161716
161867
161974
161990
162056
162116
162138
162143
162150
162189
162195
162218
162222
162227
162294
162369
162415
162467
162505
162591
162613
162700
162715
162742
162834
162996
16301
163110
163263
163331
16334
163376
163392
163403
16341
163492
163763
163809
163842
163909
163999
164035
164064
164145
164146
164172
164195
164238
164244
164311
164427
164490
164534
164802
164820
164916
16532
16534
165443
165567
165896
165939
166000
166094
166123
166136
166204
166315
166319
166344
166394
166427
166637
166735
166821
166970
167008
167323
167661
167943
168112
168165
168271
168725
168967
169015
169176
169227
169576
169670
169687
169847
169917
169961
170022
170074
170485
170491
170595
170609
170743
170794
170946
171169
171200
171216
171966
172057
172060
172111
172184
172442
172665
17277
172829
172878
172885
172912
172994
17301
173165
173201
173270
173293
173399
173432
173511
173633
173754
174228
174239
174430
174435
174489
174545
174623
174624
174632
174646
174666
174780
175129
175167
175190
175236
175369
175372
175393
175532
175613
175787
17605
17606
17610
176118
176155
176157
176186
176382
176603
176605
176643
176664
17720
17724
177331
17742
177519
177621
177717
177796
177825
178012
178049
178082
178097
178149
178164
178176
178199
178213
178218
178237
17827
178272
178273
17828
178363
178365
178402
178458
178460
178532
178548
178550
178563
178568
178569
178570
178585
178640
178746
178756
178765
178833
178872
178910
178938
179015
179046
179047
179053
179055
179085
179087
179163
179164
179227
179272
179348
179457
179459
179556
179560
179614
179644
179651
179673
179733
179751
179753
179938
179958
179970
180236
180299
180362
180373
180484
180501
180530
180562
180657
180683
180771
181096
181155
181222
181225
181336
181379
181419
181423
181590
181737
181749
181754
181767
182039
182124
182241
182243
182244
182245
182246
182249
182250
182251
182252
182262
182264
182332
182336
182343
182359
182562
182718
182719
182720
182721
18288
18302
18305
183136
183137
183138
183139
183140
183141
18319
183309
183310
183311
183312
183313
183314
183536
183537
183538
183539
183540
183541
183542
183543
183544
183545
183546
183547
18396
18399
184263
184264
184265
18429
18430
18431
184456
184457
184458
184459
184460
184461
184462
184463
184464
184465
18476
184884
184885
184886
184887
184888
184889
185000
185001
185002
185003
185004
185005
185006
185007
185082
185083
185084
185085
185086
185087
185088
185089
185090
185091
185092
185093
185211
185212
185213
185214
185215
185216
185217
185218
185219
185220
185565
185643
185644
185645
185939
185940
185941
186283
186354
186355
186734
186735
186736
186737
186738
186739
186740
186741
187143
187144
187287
187288
187289
187290
187291
187292
187293
187294
187522
187523
187524
187525
187526
187746
187772
187773
187774
187775
187776
187777
187778
187779
187780
187781
187782
187892
187893
187894
187895
187896
187897
187898
187899
187900
187923
187924
187925
187926
187927
188119
188120
188121
188122
188123
189323
189792
189793
189794
189795
189796
189797
189798
189799
189800
189801
190143
190144
190145
190146
190147
190148
190149
190150
190151
190489
190490
190491
190492
190493
190494
190495
190496
190497
190498
190499
190500
190501
190502
190503
190504
190505
190506
190507
190508
190509
190510
190511
190512
190949
190950
190951
190952
190953
190954
190955
190956
190973
190974
190975
191271
191272
191273
191274
191275
191276
191277
191278
191279
191280
191337
191338
191339
191340
191341
191342
191835
191836
191837
191838
191839
191840
191841
191842
191861
191862
191863
191864
191865
191866
191867
191868
191869
191870
191871
191872
191926
191927
191928
191929
191930
191931
191932
191933
191934
191975
191976
191977
191978
191979
191980
192082
192083
192470
192471
192472
192473
192478
192479
192480
192481
192482
192483
192484
192485
192486
192740
192741
192742
192743
192744
192745
192746
192747
192748
192749
193550
193818
193819
193820
193821
193822
193823
193824
193825
193826
193827
193846
194048
194049
194050
194051
194052
194053
194054
194055
194146
194147
194148
194149
194150
194151
194443
194444
194445
194446
194447
194448
194449
194450
194451
194452
194453
194468
194469
194470
194471
194472
194473
194474
194475
194508
194988
194989
194990
194991
194992
195087
195397
195398
195399
195400
195401
195402
195443
196662
196663
196664
196665
196666
196667
197172
197173
197174
197175
197176
197177
197595
197596
197597
197598
197599
197600
197601
197602
197603
197604
197605
197606
1977
197996
197997
197998
197999
198000
198001
198002
198003
198004
198005
198665
198747
198748
198749
198750
198751
198752
198753
198754
198755
199025
199453
199454
199455
199456
199513
199514
199515
199516
199517
199518
199519
199520
199521
199522
199523
199711
199712
199713
199714
199715
199716
199717
199718
199719
199720
199746
199747
199748
199945
199946
199947
199948
199949
199950
199951
199952
199953
199954
199955
199956
199957
199958
199959
199960
199961
199962
199963
200117
200118
200119
200120
200121
200122
200123
200124
200125
200126
200127
200128
200129
200130
200131
200132
200266
200527
200580
200581
200582
200583
200584
200585
200586
200587
200588
200589
201052
201053
201054
201055
201056
201057
201083
201084
201085
201086
201087
201088
201130
201131
201132
201133
201134
201135
201136
201137
201138
201139
201140
201141
201142
201143
201144
201145
201146
201147
201148
201149
201299
201300
201301
201302
201303
201304
201305
201306
201307
201308
201309
201310
201377
201378
201379
201380
201753
201754
201755
201756
201757
201758
201807
201808
201809
201810
201811
201812
201838
202174
202264
202505
202506
202507
202508
202509
202510
202546
202633
202634
202635
202636
202637
202638
202639
202640
203036
203037
203038
203039
203040
203041
203326
203327
203328
203329
203330
203539
203540
203541
203542
203543
203544
203545
203546
203547
203548
203549
203550
203820
203821
203822
203823
203824
203825
203826
203827
203828
203829
203871
203872
204487
204488
204489
204490
204491
204492
204493
204494
204495
2046
204722
204723
204872
204873
204874
204875
204876
204877
204894
204895
204896
204897
204898
204899
204900
204901
204902
204903
204904
204927
205167
205168
205169
205170
205171
205172
205230
205885
205886
205887
205888
205889
205890
205891
205892
205893
205894
205895
205896
205897
205898
205899
205900
205901
205902
205903
205904
205905
205914
205915
206135
206136
206137
206138
206139
206140
206141
206142
206380
206381
206382
206383
206384
206385
206386
207004
207005
207006
207007
207008
207009
207010
207011
207012
207070
207071
207072
207073
207074
207075
207182
207183
207184
207185
207186
207187
207572
207573
207574
207575
207576
207577
207578
207999
208000
208001
208002
208003
208526
208527
208528
208529
208530
208531
208532
208533
208534
208535
208536
208537
208538
208539
208540
208541
208542
208543
208544
208545
208546
208547
208548
208549
208550
208551
208970
208971
208972
208973
208974
208975
208976
208977
208978
209197
209198
209199
209200
209201
209202
209203
209204
210010
210011
210012
210013
210014
210015
210262
210263
210264
210265
210266
210267
210268
210269
210270
210271
210272
210273
210274
21087
21091
21092
21093
21094
21095
211013
211014
211107
211108
2120
212223
213248
213249
213250
213251
213252
213253
213534
213535
213653
213654
213655
213656
213657
213658
213659
213660
213661
213701
213702
213703
213704
213705
213706
213707
213708
213709
213710
213944
213945
214113
214114
214115
214116
214117
214118
214119
214120
214121
214122
214156
214157
214158
214159
214160
214161
214162
214163
214164
214172
214277
214438
214439
214440
214441
214442
214443
214444
214445
214672
214673
214674
214675
214676
214677
215496
215497
215498
215499
216268
216269
216270
216271
216272
216273
216274
216275
216276
216462
216463
216464
216465
216466
216467
216468
216469
216470
216471
216737
216738
216739
216740
216756
216757
216790
216791
216792
216793
216794
216795
216796
216797
216798
216842
216843
216844
216845
216846
216847
216848
216849
216850
216851
216909
217016
217017
217018
217019
217266
217267
217268
217269
217270
217271
217272
217273
217274
217275
217381
217382
217383
217384
217385
217386
217387
217388
217389
217390
217391
217392
217393
217394
217395
217472
217473
217474
217475
217476
217477
217573
217710
217711
217712
219129
219130
219131
219132
219133
219134
219156
219157
219158
219159
219160
219161
219162
219163
219348
219349
219350
219351
219352
219353
219354
219355
219356
219357
219410
219506
219507
219508
219822
219823
219824
219825
219826
219827
219828
219829
219830
219831
219832
219833
219834
220387
220443
220444
220445
220446
220447
220448
220449
220450
220451
220452
220461
220462
220463
220464
220465
220466
220467
220468
220672
220673
220674
220675
220676
220677
220678
220679
220680
220681
220803
220804
220805
220806
220807
220808
220809
220810
220811
220812
220813
220814
220815
220816
220817
221481
221482
221483
221484
221485
221486
221487
221488
221489
221490
221491
221492
221580
221581
221582
221583
221584
221585
221604
221605
221606
221607
221608
221609
221610
221611
221612
221616
221659
221660
221661
221662
221663
221664
221665
221666
221667
222302
222303
222304
222305
222306
222307
222498
222499
222500
222501
222502
222503
222719
222736
222737
222738
222739
222740
222741
223097
223098
223099
223100
223101
223102
223103
223104
223105
223106
223236
223658
223659
223660
223661
223662
223663
223664
223665
223666
223789
223790
223791
223792
223793
223794
224065
224151
224152
224153
224154
224155
224156
224157
224158
224159
224160
224161
224162
224163
224164
224165
224166
224167
224168
224169
224170
224171
224567
224568
224569
224570
224571
224572
224573
224574
224575
224576
224577
224578
224579
224580
224581
224582
224583
224584
224585
224680
224681
224682
224683
224684
224685
224864
224865
224866
224867
224868
224869
224870
224871
224872
225014
225015
225016
225017
225018
225019
225020
225021
225410
225411
225576
225589
225590
225591
225592
225593
225594
225595
225596
225597
225598
225599
225600
225601
225602
225603
225604
225605
225606
225607
225608
225609
225610
225954
225955
225956
225957
225958
225959
225991
225992
225993
225994
225995
225996
225997
225998
225999
226000
226020
226021
226022
226023
2264
226805
226806
226807
226808
226809
226810
226811
226812
227153
227196
227197
227198
227199
227200
227201
227202
227253
227254
227255
227256
227257
227258
227259
227260
227261
227262
227263
227264
227265
227266
227267
227268
227269
227270
227271
227272
227273
227274
227275
227543
227544
227545
227546
227547
227548
227549
227550
227551
228084
228085
228086
228087
228088
228089
228090
228091
228092
228209
228210
228211
228212
228213
228214
228329
228330
228331
228332
228333
228334
228335
228336
228502
228503
228504
228558
228559
229210
229211
229212
229213
229214
229215
229216
229294
229295
229296
229297
229298
229299
229300
229301
229302
229357
229358
229605
229606
229607
229608
229609
229610
229611
229612
229793
229794
229795
229796
229797
229798
229799
229800
229862
229863
229864
229865
229866
229867
230070
230071
230072
230200
230201
230202
230344
230345
230346
230347
230348
230349
230350
230351
230352
230353
230529
230530
230531
230532
230533
230534
230897
230898
230899
230900
230901
230902
230903
230904
230909
230910
230911
230912
230913
230914
230915
230916
231046
231047
231048
231049
231050
231051
231052
231053
231054
231055
231056
231057
231058
231059
231060
231513
231514
231515
231516
231517
231518
231519
231520
231521
231522
231566
231567
231568
231569
231570
231657
231658
231659
231660
231954
231955
231956
231964
231965
231966
231967
232002
232003
232004
232005
232006
232007
232208
232209
232210
232211
232212
232213
232214
232215
232321
232322
233799
233800
233801
233802
233803
233804
234152
234153
234154
234155
234436
234437
234438
234439
234440
234441
235141
235157
235158
235159
235160
235161
235162
235163
235164
235165
235166
235167
235433
235434
235435
235436
235437
235606
235607
235608
235609
235610
235611
235650
235651
236032
236247
236248
236249
236250
236251
236252
236253
236254
236255
236256
236747
237134
237135
237136
237137
237138
237139
237157
237212
237213
237214
237215
237216
237217
237218
237526
237527
237528
237529
237530
237531
237687
237688
237689
237690
237691
237692
237693
237694
237695
237696
237697
237698
237699
237700
237701
237702
237810
238287
238288
238289
238290
238291
238292
238293
238294
238295
238296
238582
238583
238584
238585
238586
238587
238694
238695
238696
238697
238698
238699
238700
238701
238769
238770
238771
238772
238773
238774
23951
239544
239545
239546
239547
239548
239549
23960
239698
239720
239721
239722
239723
239724
239725
239726
239727
239728
239729
239730
239731
23983
23989
239933
239934
239935
239936
240115
240116
241055
241056
241057
241058
241059
241060
241061
241062
241169
241170
241171
241172
241173
241370
241371
241372
241373
241374
241375
241376
241481
241482
241483
241484
241485
241486
241487
241488
241489
241490
241660
241661
241662
241663
241664
241665
241666
241667
241799
241800
241801
241802
241803
241804
24182
241967
241968
241969
241970
241971
241972
241973
241974
241975
241976
242014
242015
242269
242270
242271
242272
242273
242274
242662
242663
242664
242665
242666
242667
242668
242669
242699
242700
242701
242702
242703
242704
242705
242706
242784
243021
243022
243023
243024
243025
243026
243027
243028
243102
243103
243104
243105
243106
243107
243108
243109
243110
243111
243112
243113
243184
243185
243186
243187
243188
243189
243296
243338
243339
243340
243791
243792
243793
243794
243795
243796
243797
244096
244097
244098
244099
244100
244101
244102
244207
244208
244209
244210
244211
244212
244213
244214
244215
244216
24424
24425
244475
244476
244477
244478
244536
244537
244538
244539
244540
244541
244542
244543
244544
244618
244619
244620
244621
244622
244623
244624
244925
244926
244927
244928
244929
244930
244931
244932
245052
245053
245054
245055
245056
245057
245095
245096
245097
245098
245099
245100
245262
245263
245264
245265
245266
245267
245268
245269
245374
245375
245376
245377
245444
245445
245446
245447
245448
245449
245999
246000
246001
246002
246003
246004
246170
246171
246172
246173
246174
246175
246176
246198
246199
246200
246201
246202
246203
246204
246205
246338
246339
246340
246341
246342
246343
246473
246474
246475
246476
246477
246478
246496
246497
246498
246499
246500
246501
246502
246503
246504
246505
246506
246507
246508
246509
246510
246511
246532
246533
246534
246535
246536
246537
246538
246539
246645
24665
246814
246815
246816
246817
246818
246819
246820
246821
246822
246823
246824
246825
247674
247675
247676
247677
247678
247679
247680
247681
247682
247714
247715
247770
247771
247772
247773
247774
247775
247776
247777
247778
247779
247780
247781
247802
247803
247804
247805
247806
247807
248219
248220
248295
248296
248297
248298
248449
248450
248451
248452
248453
248454
248455
248456
248457
248458
248459
248619
248620
248621
248622
248623
248624
248625
248626
248627
248945
248946
248947
248948
248949
248950
248997
248998
248999
249000
249001
249002
249003
249004
249005
249006
249007
249008
249009
249010
249011
249274
249275
249276
249277
249278
249279
249280
249281
24935
249396
249397
249398
249399
249400
249401
249402
249403
249404
24958
249658
249659
249660
249661
249662
249663
249664
249665
249666
249667
249668
249669
249670
249671
249672
249673
249674
249771
249772
249816
249817
249818
249819
249820
249821
249822
249823
249824
249825
249826
249855
249885
249886
25012
250153
250154
250155
250156
250312
250313
250314
250315
250316
250336
250337
25038
250449
250450
250451
250452
250453
250454
250455
250456
250457
250458
250459
250460
250461
250462
250463
250464
250490
250491
250492
250493
250494
250495
250496
250497
250498
250499
250500
250501
250502
25052
250588
250589
250590
250591
250592
250593
250594
250595
250596
250597
250603
250604
25064
250731
250732
250733
250743
250744
250745
250778
250779
250780
250781
250782
250783
250784
250785
250786
250787
250856
250857
250858
250859
250860
250861
250862
250863
250864
251267
251268
251269
251270
251271
251272
251273
251274
251275
251276
251365
251366
251367
251368
251369
251515
251516
251517
251518
251519
251520
251521
251626
251758
251759
251760
251761
252019
252020
252021
252022
252023
252024
252364
252428
252429
252665
252666
252667
252668
252786
253304
253305
253306
253307
253308
253309
253400
253401
253402
253403
253404
253405
253571
253689
253690
253691
253692
253693
253694
253808
253809
25382
25383
25385
25387
25388
25389
25390
253904
253905
253906
253907
253908
253909
253910
253911
253912
25392
25393
25394
25405
25406
254393
254394
254395
254396
254397
254398
254399
254400
254401
254402
254417
254418
254419
254420
254421
254422
254430
254431
254432
254433
254434
254435
254487
254488
254489
254490
254491
254492
254526
254527
254528
254529
254530
254531
254532
254533
254904
254905
254906
254907
254908
254909
254910
255235
255471
255472
255473
255474
255475
255476
255477
255478
255479
255480
255481
255482
255629
255630
255631
255632
255633
255634
255704
256176
256177
256178
256179
256180
256181
256182
256183
256243
256244
256245
256246
256247
256248
256249
256250
256251
256349
256350
256351
256352
256377
256378
256379
256380
256381
256382
256547
256573
256574
256575
256576
256577
256578
256579
256580
257101
257102
257103
257104
257105
257106
257107
257108
257109
257110
257111
257112
257143
257144
257145
257146
257147
257148
257149
257150
257151
257152
257153
257806
257807
257808
257809
257810
257811
25807
258161
258162
258163
258164
258217
258218
258384
258385
258611
258612
258613
258614
258615
258616
258617
258618
258619
258620
258621
258622
258623
258624
258625
258626
258909
258910
258911
258912
258913
258914
258971
259205
259206
259207
259208
259209
259210
259211
259212
259486
259487
259488
259489
259648
259649
259725
259726
259727
259728
259729
259730
259731
259732
259755
259756
259757
259758
259759
259760
259761
259762
259763
259764
260045
260046
260047
260048
260049
260050
260051
260052
260053
260054
260118
260119
260120
260121
260122
260123
260124
260125
260363
260364
260365
260366
260367
260907
261023
261024
261558
261559
261560
261561
261562
261563
261564
261565
261566
261567
261568
261644
261645
261646
261647
261648
261649
261650
261651
261652
261653
261698
261699
261700
261701
261702
261703
261728
262332
262333
262334
262335
262336
262337
262338
262339
262340
262341
262342
262343
262352
262570
262571
262572
262573
262574
262864
262865
262866
262867
262868
262869
262870
262946
262947
262948
262949
262950
262951
262952
262953
262954
262972
262973
262974
262975
262976
262977
262998
262999
263000
263379
263380
263381
263382
263383
263384
263385
263386
263407
263408
263409
263410
263411
263412
263413
263414
263574
263575
263576
263577
263578
263579
263580
263581
263582
263583
264260
264261
264262
264263
264264
264265
264266
264267
264268
264446
264447
264448
264449
264450
264451
264490
264572
264573
264574
264575
264576
264577
264578
264579
264580
264581
264582
264583
2646
264775
264776
264777
264778
264779
264780
264858
264859
264860
264861
264862
264863
264864
264865
264894
265072
265073
265074
265075
265076
265077
265078
265079
265080
265081
265551
266159
266160
266161
266162
266182
266195
266196
266197
266198
266199
266200
266201
266202
266203
266204
266205
266206
266340
266341
266380
266381
266382
266383
266384
266385
266386
266387
266388
266865
266866
266867
266868
266869
266870
266871
266872
266887
266888
266889
2669
267328
267329
267330
267331
267332
267333
267334
267376
267445
267683
267684
267685
267934
267935
267936
267937
267938
267939
267940
267941
267942
268110
268111
268112
268205
268206
268207
268208
268209
268210
268211
268212
268213
268214
268468
268469
268470
268471
268472
268473
268474
268475
269047
269048
269049
269050
269051
269052
269063
269064
269065
269066
269067
269068
269069
269070
269071
269072
269073
269595
269885
269886
269887
269888
269889
269890
269962
269963
269964
269965
269966
269967
270124
270125
270126
270127
270128
270129
270179
270180
270588
270589
270590
270591
270592
270593
270670
270671
270672
270673
270832
270833
270834
270835
270836
270837
270838
270839
271117
271118
271119
271120
271121
271122
271123
271124
271125
271126
271127
271128
271673
271674
271675
271676
271677
271678
271679
271680
271775
271776
271777
272082
272083
272084
272085
272086
272087
272431
272432
272433
272434
272435
272436
272437
272438
272439
272457
272458
272459
272460
272461
272462
272463
272464
272743
272744
272745
272746
272747
272748
272749
272822
272823
272824
272825
272826
272827
272828
272829
272830
272831
273248
273249
273250
273251
273252
273253
273254
273255
273256
273257
273258
273259
273260
273261
273262
273263
273332
273333
273334
273335
273394
273395
273396
273397
274092
274093
274094
274095
274096
274097
274098
274099
274100
274101
274102
274103
274104
274105
274106
274107
274108
274109
274110
274111
274112
274113
274114
274115
274116
274117
274118
274119
274592
274593
274594
274595
274596
274597
274616
274617
274618
274619
274620
274621
274622
274623
274627
274628
274629
274630
274631
274632
274633
274634
274635
274748
274749
274750
274751
274752
274753
274916
274917
274918
274919
274920
274921
275239
275240
275241
275242
275243
275520
275521
275522
275523
275524
275525
275526
275527
275528
275774
275775
275776
275777
275778
275779
275780
275781
275782
275783
275784
275785
275928
275929
275930
275931
275932
275933
275934
275935
275936
275937
275938
275939
27594
276692
276767
276768
276769
276770
276771
276772
276773
276774
276775
277049
277050
277051
277052
277053
277054
277216
277217
277218
277219
277220
277221
277222
277223
277224
277367
277368
277369
277370
277371
277372
277373
277486
277487
277488
277489
277490
277491
278318
278320
278321
2785
278617
278618
278619
278762
278819
278820
278821
278917
278918
278919
278920
278921
278922
278923
278924
278925
278926
278927
278928
278929
278930
278931
278932
278933
278934
278935
278936
278937
278938
278939
278940
278941
278942
278943
278944
279024
279025
279026
279027
279028
279029
279030
279031
279032
279231
279232
279233
279829
279830
279831
279832
279833
279834
279835
279836
279837
279867
28010
28013
28036
28039
28040
280706
280707
280708
280709
280710
280711
280712
280713
280714
280715
280729
280730
280731
280732
280733
280734
280847
280848
280849
280850
280851
280852
280853
280854
280855
280856
280857
280858
280859
280860
280861
28097
28107
281265
281266
281267
281268
281269
281270
281271
281272
281273
28143
281809
281810
281811
281812
281813
281814
281815
281816
281817
281818
281819
281820
281928
281929
281930
281931
281932
281933
281934
281935
281936
281937
281938
281939
28234
28237
28240
282464
282465
282466
282467
282468
282469
282504
282505
282506
282507
282508
282509
282510
282511
28258
282588
282589
28259
282590
282591
282592
282593
282594
282595
282747
282748
282749
282750
282751
282752
282879
282880
282881
282882
282884
282885
282886
282887
282888
282889
282890
282891
28296
28302
283207
283208
283209
283210
283211
283212
283225
283226
283227
283228
283501
283502
283503
283504
283509
283510
283511
283512
283513
283625
283626
283627
283628
283629
283630
283643
28420
284217
284406
284407
284408
284409
284410
284411
284412
284413
284414
284415
284565
284566
284567
284568
284569
284570
284571
284572
284573
284574
284575
284576
284577
284578
284579
284580
284581
284582
284583
284584
284585
284669
284676
284677
284678
284679
284680
284681
284816
284817
284818
284819
284820
284821
284824
284825
284826
284827
284828
284829
284830
284831
285023
285024
285025
285026
285027
285028
285029
285030
285031
285032
28510
28521
28617
286176
286177
286178
286179
286180
286181
286182
28629
286421
286422
286423
286424
286425
286426
286427
286462
286463
286464
286465
286466
286564
286565
286566
286567
286568
286569
286676
286677
286678
286679
286680
286681
286682
286683
286684
286685
286686
286687
286976
286977
286978
286979
286980
286981
286982
286983
286984
286985
287014
287015
287016
287017
287018
287019
287020
287021
287150
287151
287152
287153
287154
287155
287297
287298
287299
287300
287301
287356
287357
287358
287359
287360
287361
287362
287385
287386
287387
287388
287389
287390
287391
287392
287393
287394
287395
287396
287739
287740
287741
287742
287925
287926
287927
287928
287929
287930
287931
287932
287933
287934
287935
287936
287937
287938
287939
287940
287941
287942
287995
28818
289002
289003
289004
289005
289006
289007
289008
289009
28901
289010
289011
289036
289037
289038
289039
289040
289041
289042
289043
289044
289065
289066
289067
289075
289076
289077
289078
289079
289080
289081
289082
28999
290028
290029
290030
290031
290032
290033
290185
290186
290187
290188
290189
290190
290191
290192
290193
290207
290208
290209
290210
290211
290212
290213
290216
290217
290218
290219
290347
290348
290349
290350
290351
290352
290353
290354
290904
290905
290906
290907
290908
290909
290910
290911
291024
291025
291026
291027
291028
291029
29107
29110
291314
291315
291657
291658
291659
291660
291661
291662
291663
291706
291707
291708
291709
291710
291774
291775
291776
291777
291778
291779
291780
291781
291871
291872
291873
291874
291875
291876
291877
291878
292232
292233
292234
292893
292894
292895
292896
292897
292898
292899
292966
292976
293127
293128
293129
293130
293131
293132
293197
293198
293199
293200
293201
293202
293203
293204
293205
293206
293207
293208
293209
293210
293211
293212
293230
293231
293232
293233
293502
293503
293504
293505
293506
293507
293560
293561
293562
293563
293564
293565
293566
293567
293568
293569
293570
293571
293766
293767
293768
293769
293770
293771
293772
293773
293774
293855
294001
294002
294003
294004
294005
294006
294227
294241
294242
294243
294244
294245
294395
294608
294609
294610
294611
294612
294613
294614
294615
294616
294617
294618
294619
294620
294621
294622
294717
294718
294719
294720
294721
294722
294828
294829
294830
295079
295080
295081
295082
295083
295084
295209
295210
295211
295212
295213
295214
295215
295216
295217
295240
295241
295242
295243
295244
295597
295598
295716
295717
295718
295719
295720
295882
295883
295884
295885
295886
295887
295888
295889
295890
296236
296237
296238
296239
296240
296241
296624
296625
296626
296627
296628
296629
296630
296631
296632
2967
296702
296703
296704
296705
296706
296775
296776
296777
296778
296779
296780
296781
296782
296806
296807
296918
296919
296920
296921
296922
296923
296924
296925
296926
296980
296981
296982
296983
296984
296985
297296
297297
297298
297299
297300
297301
297302
297303
297304
297305
297306
297307
297308
297309
297392
297393
297394
297395
297396
297397
297398
297423
297424
297425
297426
297427
297428
297429
297430
297431
297432
297433
297434
297515
297516
297517
297518
297519
297520
297618
297619
297620
297621
297622
297623
297624
297625
297626
297846
298024
298093
298094
298095
298096
298097
298098
298099
298100
298101
298102
298283
298284
298285
298286
298287
298288
298559
298560
298561
298562
298563
298564
298763
298764
298765
298766
298767
298768
298769
298770
298856
298857
298858
298859
298860
298861
298862
298863
298864
298865
298866
298867
299111
299112
299113
299114
299115
299116
299117
299290
299291
299292
299293
299294
299295
299296
299297
299369
299399
299688
299689
299690
299691
299692
299693
299694
299695
299696
299697
299698
299699
29973
299891
299892
299893
299894
299895
299896
299897
299898
299899
299900
299901
299902
299903
299904
299905
299906
300083
300084
300085
300086
300087
300088
300104
300105
300106
300107
300108
300109
300110
300140
300141
300142
300143
300144
300145
300146
300147
300148
300188
300189
300190
300191
300192
300193
300351
300352
300353
300354
300355
300356
300357
300358
300359
300551
300552
300553
300554
300555
300556
300557
301062
301063
301064
301065
301066
301067
301068
301069
301418
301419
301420
301421
301422
301423
301424
301425
301426
301643
301644
301645
301646
301647
301648
301649
301650
301727
301728
301729
301730
301731
301732
301733
301734
301735
302229
302230
302231
302232
302233
302234
302235
302236
302237
302372
302872
302887
302888
302997
302998
302999
303000
303001
303002
303003
303004
303005
303090
303091
303101
303102
303103
303104
303105
303106
303107
303108
303146
303312
303313
303314
303315
303316
303317
303361
303362
303363
303364
303365
303366
303375
303376
303711
303712
303713
303714
303715
303716
303717
303718
303719
303720
303721
303722
303786
303787
303788
303789
303790
303791
303792
303793
303794
303795
303796
303797
304370
304371
304372
304373
304374
304375
304376
304745
304746
304747
304748
304847
304848
304849
304850
304861
304862
304863
304864
304865
304954
304955
304956
304957
304958
304959
304960
304961
305230
305231
305232
305233
305234
305235
305236
305237
305513
305514
305515
305516
305517
305518
305571
305572
305573
305574
305575
305576
305577
305578
305579
305632
305659
305660
305661
305662
305663
305664
305665
305666
305667
306035
306036
306037
306038
306039
306040
306041
306042
306043
306044
306045
306046
306047
306048
306049
306050
306051
306052
306053
306054
306055
306647
306648
306649
306650
306651
306652
306869
306870
306871
306872
307177
307178
307179
307180
307181
307182
307183
308257
308258
308259
308260
308261
308262
308274
308275
308375
308376
308377
308378
308379
308533
308534
308535
308536
308537
308803
308804
308805
308806
308807
308808
308809
308810
308961
308962
308963
308964
309000
309001
309002
309003
309004
309005
30939
309762
309763
309764
309765
309766
309969
309970
309971
309972
309973
309974
309975
309976
310376
310377
310378
310379
310380
310381
310859
310860
310861
310862
310863
310864
310963
310964
310965
310966
310967
310968
310969
310970
310971
311053
311227
311228
311229
311230
311231
311232
311233
311234
311235
311481
311482
311483
311484
311485
311486
311538
311539
311540
311541
311542
311543
311571
311572
311573
311574
311575
311576
311656
311657
311658
311659
311660
311661
311662
311663
311792
311793
311794
311795
311796
311797
311798
311799
311841
311842
311843
311844
311845
311846
311886
311887
311888
311889
311890
311891
311892
312388
312389
312390
312391
312895
312896
312897
312898
312899
312900
313284
313285
313286
313287
313288
313289
313290
313291
313292
313421
313422
313423
313424
313425
313426
313427
313428
313443
313779
313780
313781
313782
313783
313784
313785
313786
313787
313788
314031
314032
314033
314034
315123
315124
315149
315150
315151
315152
315153
315154
315173
315174
315175
315176
315177
315178
315341
315342
315343
315344
315345
315346
315366
315367
315368
315369
315370
315371
315566
315567
315568
315569
315570
315571
316222
316526
316527
316528
316529
316530
316715
316716
316717
316718
316719
316720
316721
316820
316821
316822
316823
316824
316825
316927
316928
316929
316930
316931
316932
317127
317128
317129
317130
317131
317132
317133
317134
317135
317136
317242
317243
317244
317245
317246
317247
317248
317249
317250
317562
317563
317564
317787
317788
317789
317790
317791
317792
317793
317794
317795
317796
317995
317996
317997
317998
318405
318406
318407
318408
318409
318410
318411
318412
318499
318500
318501
318502
318503
318504
318505
318506
318584
318588
318589
318590
318591
318592
318593
318594
318595
318618
318619
318620
318621
318622
318623
318904
318905
318906
318907
318908
318909
318910
318911
318912
319193
319194
319330
319331
319332
319333
319334
319335
319336
319584
319585
319586
319587
319879
319880
319881
319882
319883
319884
319885
319886
319887
320101
320102
320103
320104
320105
320106
320324
320325
320326
320327
320328
320329
320330
320331
320468
320469
320739
320740
320741
320742
320743
320744
320745
320746
320814
320815
320816
320817
320818
320819
320820
320821
320822
320823
320824
320825
320826
320827
321081
321082
321083
321084
321085
321086
321087
321088
321089
321090
321091
321092
321093
321094
321095
321197
321198
321199
321200
321201
321202
321203
321204
321205
321206
321207
321208
321264
321265
321266
321267
321268
321269
321270
321471
321472
321473
321474
321475
321476
321477
321478
321479
321480
321550
321551
321552
322051
322212
322213
322214
322215
322216
322217
322460
322461
322462
322463
322464
322465
322466
322467
322468
322527
322619
322933
322934
322935
322936
322937
322938
323105
323106
323787
323788
323789
323790
323791
323831
323832
323833
323834
323835
323836
323837
323838
323839
323927
323928
323929
323930
323931
323932
323933
323934
323952
323953
323954
323955
324191
324192
324193
324194
324195
324196
324197
324273
324274
324275
324276
324277
324278
324279
324280
324281
324282
324310
324311
324312
324313
324314
324315
324348
324349
324479
324480
324481
324482
324483
324484
324540
324541
324625
324626
324627
324628
324629
324630
324668
324669
324670
324765
324766
324767
324768
324769
324770
324824
324825
325271
325272
325273
325274
325275
325276
325277
325278
325279
325280
325304
325305
325306
325307
325308
325309
325332
325333
325334
325335
325336
325337
325338
325339
325340
325352
325353
325354
325355
325356
325357
325358
325359
325480
326317
326318
326319
326320
326321
326322
326450
326451
326452
326453
326454
326455
326617
327043
327044
327045
327046
327047
327048
327049
327050
327051
327059
327060
327061
327159
327160
327161
327162
327163
327164
327165
327329
327330
327406
327407
327408
327409
327410
327411
327412
327730
33001
33007
33040
33303
34040
34042
34045
34047
34123
34125
34128
34265
34266
34285
35221
37788
37789
37791
37793
37794
37990
37991
38161
38162
38164
38165
38166
38167
38168
38169
38170
38171
38172
38173
3847
38568
38883
3893
39044
39046
39321
3939
4028
4032
40410
4046
40844
4085
40873
4098
4108
41270
41473
41528
4153
41546
4156
4163
4178
42043
42386
42389
42393
42394
42396
42608
4272
4276
4277
4278
4279
42852
42853
42855
42885
4289
42891
42911
42915
4293
42954
42955
42958
42959
42961
42985
42987
42991
43190
43458
4357
43728
43850
43972
43975
44003
44136
44137
44208
44221
44222
44447
44449
44451
44452
44514
44515
44587
44627
44779
44801
44982
45412
45420
45595
45782
46238
46350
46412
46476
46805
46808
47319
47376
47414
4750
47650
47806
48016
48290
48313
48544
48579
48600
48670
48807
48858
49041
49123
49148
49250
49256
49450
49451
49483
49505
49506
49516
49517
49628
49867
49885
49896
49946
49986
50096
50112
50247
50374
50375
50408
50476
50493
50499
50554
50587
50686
50688
50728
5077
50839
50922
50989
51042
51043
51065
51075
51096
51098
51115
51127
51671
51704
52000
52131
52159
52210
52269
52309
52313
52351
52352
52386
52426
52825
52826
52846
52847
53068
53111
53133
53874
53884
53947
53948
53957
53973
54018
54019
54040
54101
54104
54125
54197
54198
54263
54322
54349
54368
54370
54379
54432
54445
54461
54485
54524
54541
54549
54650
54792
54954
5496
55125
55150
55151
55228
55246
55250
55429
55533
55701
55721
55858
55960
56141
56152
56218
56244
56353
56422
56624
56639
56648
56728
56757
56774
56775
56776
56777
56798
56807
56826
56899
56935
57040
57084
57164
57197
57199
57406
57483
57500
57537
57545
57567
57597
57610
57626
57634
57804
58039
58042
58146
5817
58176
5820
58246
58397
58440
58441
58448
58474
58668
58669
58828
58884
59016
59018
59198
59226
59243
59441
60301
60609
60706
60920
61078
61113
61156
61572
61583
6187
62153
62169
62170
62296
62641
62642
62643
62645
62661
63751
63752
63821
63828
63829
63920
63948
64060
64087
64237
64413
64868
64949
65330
65407
65695
66111
66280
66373
66501
6655
6664
66705
66968
66969
66996
67003
67016
67166
67247
67544
67644
68127
68664
68694
68815
68832
68833
69074
69105
69144
69397
69398
69399
69400
69401
69402
69403
69404
69405
69406
69407
6944
69606
69647
69666
69808
70362
70887
70891
70892
70894
70895
70896
70897
70900
70901
70903
70906
70964
70965
71005
71007
71008
71009
71010
71011
71013
71014
71015
71168
71203
71256
71451
71786
72026
72275
72419
72422
72567
72568
72569
72586
72764
72884
73190
73208
73235
73424
73425
73449
73450
73495
73532
73536
73538
73541
73568
73577
73581
73583
73585
73586
73587
73588
73589
73593
73596
73598
73599
73602
73629
73631
73633
73634
73635
73636
73637
73639
73640
73641
73643
73644
73645
73646
73647
73648
73650
73654
73753
73782
73784
73785
73786
73793
73795
73797
73798
73799
73815
73817
73819
73820
73821
73822
73823
73825
73827
73828
73829
73831
73832
73833
73834
73836
73837
73838
73840
73842
73844
73845
73854
73855
73856
73857
73994
74043
74044
74046
74048
74049
74050
74052
74054
74055
74056
74057
74095
74096
74099
74100
74105
74106
74107
74114
74117
74118
74120
74121
74122
74125
74127
74128
74131
74135
74136
74149
74150
74228
74229
74344
74778
75141
75191
75192
75201
75229
75259
75275
75326
75354
75391
75392
75412
75443
75447
75452
7553
7567
76209
76210
76225
76584
77139
77260
77390
77414
77508
78572
78582
80536
81331
82628
82665
82839
82861
82875
82901
82902
82907
82950
82974
83051
83181
83193
83343
83407
83408
83420
83424
83456
83496
83547
83560
83687
83844
83879
83881
83973
83975
84043
84259
84524
8486
8498
8503
8504
8505
85123
85213
85215
85244
85675
85708
85766
85807
85929
85984
86097
86127
86220
86223
86265
86299
86330
86369
86408
86409
86410
86411
86412
86414
86438
86453
86496
86508
86517
86621
86650
86686
86698
86720
86764
86801
86823
86859
869
86921
86929
86936
86943
870
87011
87048
871
872
87351
87353
87355
87378
87380
874
87421
87535
87537
87554
87608
87611
87634
87670
87692
87759
87837
87854
87875
87882
87884
87968
87986
88018
88020
88053
88206
88216
88374
88618
88669
88828
88832
88833
88849
88892
88900
88924
88935
88971
88988
89162
89166
89173
89395
89428
89521
89561
89633
89688
89710
89904
90009
90011
90038
90142
90334
90362
90392
90407
90417
90484
90866
91079
91082
91128
91143
91276
91285
91325
91358
914
91460
915
916
91806
91880
91964
920
92174
92302
92534
92560
92621
92808
9291
9292
9295
92952
9296
92960
9298
9299
9302
9303
9306
93191
93388
93482
93512
93513
93549
93591
93593
93634
93684
93713
938
93862
93907
93969
94334
9435
94612
94619
94620
94633
9483
9484
94845
94846
94920
9529
95389
9573
95754
95996
96120
96161
96519
96800
97019
97431
97437
9767
9777
97812
97879
97962
97972
98089
98095
98096
98101
98140
98175
98207
98231
98256
98276
98302
98308
98389
98395
98451
98489
98490
98492
98577
98606
98657
98694
98727
98740
98760
98768
98772
98774
98780
98807
98826
98833
98848
98873
989
991
99173
99182
99192
99232
99234
99290
993
99399
995
99758
998
99802
99885
99887
999
99900
99909
99912
99913
99917
99927
99949
99954
99959
99961
99963
99986
