10054
100722
100725
10133
10134
10135
10137
10139
10152
10157
10158
10159
10160
10162
10164
10165
10166
10168
10169
10170
10171
10173
10174
10175
10178
10186
10196
10233
1028
10283
10293
1030
10316
10353
10354
10355
10356
10357
103579
10358
10359
10360
10361
103803
10384
10385
103857
10386
10387
10408
10411
10412
10414
10601
10604
10607
10613
10670
10672
10673
10674
10675
10676
10739
10741
1075
10755
10756
10757
10758
1076
10767
10775
10779
1078
10782
10785
10787
10788
10790
10798
10800
10993
10996
11017
11018
11025
11026
11027
11031
11119
11123
11224
11230
11235
1128
1134
11360
1139
1140
1141
11417
11418
1142
11421
1143
1144
1145
114741
11481
11483
11484
114849
11485
114879
114888
1150
115043
11514
11515
11516
11517
1154
115448
11561
11563
11569
11570
11572
11573
11576
11578
11582
115867
11587
11588
115886
11589
115899
11591
116045
11627
11631
116971
116981
117062
117064
117132
117383
117482
117483
117484
117485
11757
117685
11843
11844
11845
11848
11864
11870
11871
11872
11874
11875
11876
11877
11899
11901
11910
11913
11914
120129
120263
120264
120266
120280
120281
120282
120291
120293
120302
120308
120314
12037
12039
12044
12102
1217
1218
12186
12196
1221
1222
1223
1224
1225
12253
12255
1226
12264
1231
12352
12389
12399
12400
12401
12402
12451
12481
12485
125101
12516
12552
1263
1265
12671
12674
126750
12676
12681
12697
12699
12702
12706
12708
12709
12710
12711
12736
1276
1279
127967
127997
1280
128093
128374
12874
12876
12877
12878
12880
12891
12892
12893
12962
1298
13018
13058
13059
13060
13080
13082
13085
13086
13088
13130
13134
13167
13196
13208
13210
13240
13242
13255
13259
13261
133099
1334
1335
1336
1337
1338
1341
1342
1343
1344
1345
1346
1347
13524
13525
13526
13527
13528
135482
135483
135509
13556
13557
13558
13559
13563
13573
13574
13576
13578
13615
13617
13620
13633
1369
13705
13707
1371
13738
137521
137570
137576
137580
137582
137585
137587
137588
137592
137596
137602
137606
137612
137615
137616
137618
137622
137625
137627
137629
137635
137639
137642
137667
137670
137672
137673
137674
13773
138322
13934
1395
13960
13992
13994
13995
13996
1400
14009
14011
140114
140115
140121
14033
14037
14046
14047
140790
140799
140803
140807
140808
140809
140814
140816
140817
140820
140831
140832
140840
14161
14167
14193
1421
1422
1424
14242
14243
14245
14266
14319
14342
14344
14455
14457
14461
144859
144929
144965
144967
144968
144970
144980
144988
1450
145008
145009
145011
145012
145014
145018
145030
145038
1451
1452
14549
14550
14551
14554
14555
14556
14557
14558
14559
14696
14698
14699
14700
14701
147788
147827
147880
147954
1480
148012
148034
148036
148040
148067
148082
148097
148101
148103
148107
148112
148115
148118
148119
148123
148129
148130
148134
148144
148145
148152
148153
148157
148158
148159
148161
148164
148165
148166
148169
148170
148179
148185
148189
148190
148202
148205
148206
148215
148218
148240
148259
148261
148262
148274
148282
14829
14830
148317
148318
148347
148361
148379
14838
148381
148382
148386
14839
148404
148415
148463
148485
148496
148499
148504
148507
148511
148512
148580
148585
148625
148627
148632
148643
148650
148677
14868
14869
14870
148718
148723
148729
14873
148744
148752
148779
14879
148790
148796
14880
148805
14881
148818
14882
148829
14883
14884
148858
148869
148878
148896
148931
148939
148953
148961
148963
148990
148997
149017
149019
149028
149031
149066
149070
149089
149130
149141
149190
149229
149238
149264
149282
149375
1494
149402
149408
149426
149432
149434
149447
149456
149463
149497
149498
149501
149502
149514
149522
149554
149572
149589
149594
149617
149618
149619
149626
149627
149632
149643
149650
149654
149663
149683
149684
149685
149702
149703
149704
149715
149720
149784
149785
149800
149820
149823
149841
149882
149914
149919
149924
149949
149979
150011
150038
150041
150054
150068
150080
150102
150122
150127
150133
150134
150145
150153
150159
150172
150203
150204
150213
150217
150231
150240
150251
150260
150261
150266
150288
150292
150310
150318
150342
150346
150359
150361
150378
150381
150390
150407
150415
150445
150448
150465
150469
150490
150502
150543
150570
150579
150581
150583
150596
150598
150608
150609
150613
150639
150644
150657
150683
150696
150704
150725
150760
150776
150783
150808
150846
150848
150852
150885
150926
150927
150993
151009
151046
151047
151048
151049
151050
151070
151072
151075
151082
151083
151094
151100
151141
151161
151183
151184
151190
151219
151231
151235
151245
151247
151267
151295
151328
151329
151335
151365
151369
15137
151383
151384
151385
151432
151433
151448
151452
151463
151465
151470
151501
15152
151523
151527
151549
151560
151566
151586
151622
151624
151658
151661
151666
151672
151674
151690
151705
151712
151717
151730
151733
151757
15176
151763
15177
151776
151778
15178
151782
151785
151798
151803
15181
15182
151843
151847
151866
151895
151910
151935
151937
151970
151975
152005
152008
152016
152032
152033
152034
152054
152058
152061
152064
152074
15208
152083
152088
152097
15210
15213
152137
152144
152160
152180
152197
152205
152217
152239
152249
152250
152251
152273
152277
152293
152297
15230
152306
152328
15234
152345
152359
152363
152364
152366
152371
152392
1524
152401
152411
152416
152428
152431
152452
152513
152514
152517
152519
152525
152555
152569
15257
152626
152636
152638
152656
152666
152675
152697
152703
152728
15275
152769
152774
152784
152788
152804
152819
152833
152864
152869
152884
152887
152912
152932
152936
152937
152945
152949
152954
152963
152973
152978
152999
153002
153009
153011
153059
153070
15310
153116
153136
153139
153149
153162
153179
153191
153213
153215
153233
153265
153296
153300
153327
153349
153363
153364
153365
153406
153427
153433
153440
153465
153502
153505
153508
153512
153515
153520
153530
153553
153557
153579
153586
153600
153601
153621
153683
153685
153690
153717
153742
153744
15376
15378
153785
153787
15379
15380
153824
153829
153841
153850
153854
153865
153888
153890
153901
153935
153946
153959
153970
15398
15399
153998
154042
154050
154082
154128
154135
154137
154150
154178
154190
154203
154222
154232
154243
154259
154283
154333
154349
154353
154360
154401
154415
154434
154454
154462
154489
154492
154493
154505
154515
154561
154563
154567
154588
154610
154615
154628
154654
154672
154677
154699
154705
154708
154714
154724
154750
154766
154781
154789
154816
154868
154881
154897
154925
154974
155003
155006
155015
15502
15503
155034
15504
155050
15506
155061
15507
155079
15508
155093
155117
155129
155164
155173
155174
155185
1552
155217
155245
155276
155306
155347
155395
155426
155439
155440
155441
155442
155443
155467
155474
155477
155479
155484
155503
155519
155539
155553
155663
15570
155736
155759
155785
155788
155791
155793
155804
155905
155931
155932
155936
155938
155946
155948
155985
155991
155992
156217
156226
156229
156241
156252
156301
156303
156352
156401
156412
156460
156533
156537
156556
156573
156587
156602
156604
156610
156613
156618
156623
156666
156669
156670
156697
156700
156702
156761
156769
15677
156772
156773
156786
156787
156791
156803
156807
156876
156904
156908
156963
156984
156986
156989
157005
15704
157047
157050
157063
157076
15708
157082
157093
157108
157121
157135
157137
157160
157194
157205
157233
157244
157260
157293
157305
157313
157319
157323
157386
157427
157454
157463
157493
157576
157686
157690
157707
157718
157763
157807
157824
157831
157833
157838
157894
157923
15795
157950
157964
157966
15797
157973
157974
157975
157976
15799
15800
158000
158025
158071
158072
158073
158075
158076
158077
158105
158138
158140
158141
158147
158150
158165
158181
158183
158202
158214
158216
158220
158236
158242
158244
158251
158255
158259
158262
158264
158291
158292
158294
158295
158302
158303
158355
158384
158408
158437
158456
158480
158488
158522
158575
158586
158588
158596
158600
158618
158628
158633
158653
158655
158799
158802
158817
158821
158862
158946
158948
158949
158955
158970
158979
159054
159056
159140
159203
159276
159277
159278
159280
159281
159285
159286
159301
159374
159423
159444
159455
159477
159510
159520
159532
159549
159554
159556
159564
159600
159605
159609
159615
159619
159625
159626
159664
159671
159691
159700
15974
159753
159779
159781
15983
159843
159854
159886
159887
159923
159984
160098
16011
16012
160127
160132
160135
160136
160157
16016
160343
160368
160397
160409
160472
160515
1606
160757
160772
160857
161025
161037
16113
16114
16116
16117
16119
161229
161242
161334
161431
16169
161716
161745
1619
16192
162016
162071
162085
162086
162114
162126
162160
162191
162193
162203
162205
162210
162217
162218
162228
162238
162246
162266
162282
162290
162329
162354
162356
162360
162380
162381
162401
162417
162434
162467
162490
162499
1625
162514
162515
162518
162522
162523
162524
162525
162526
162528
162529
162531
162532
162534
162539
162541
162542
162543
162544
162548
162549
162555
162556
162557
162561
162575
162579
162580
162581
162587
162591
162595
162597
162598
162604
162606
162610
162611
162612
162613
162614
162619
162625
162626
162632
162635
162643
162644
162655
162663
162675
162680
162696
162698
162706
162713
162721
162727
162728
162731
162735
162736
162748
16275
162750
162755
162756
16276
162765
162767
162768
162770
162771
162774
162775
162781
162791
162793
162795
162798
162799
16280
162804
162806
162808
162809
16281
162815
162823
162825
162827
162833
162835
162840
162863
162864
162866
162873
162875
162877
162879
162882
162885
162889
162890
162907
162918
162920
162923
162924
162927
162928
162929
162935
162937
162938
162939
162941
162944
162945
162948
162951
162952
162955
162957
162962
16297
162970
162978
162980
162985
162990
162992
162996
162999
163000
163005
163008
163011
163012
163013
163015
163018
163023
163040
163044
163046
16305
163050
163051
163054
163056
163057
163058
163071
163074
163079
163081
163082
163086
163089
163098
163099
163100
163102
163103
163104
163106
163108
163111
163113
163115
163129
163132
163135
163139
163143
163146
163152
163154
163156
163157
163159
163161
163163
163165
163177
163187
163192
163200
163201
163203
163204
163206
163214
163215
163216
16322
163222
163225
163226
163229
16323
163233
16324
163243
163245
163246
163247
16325
163251
163255
163261
163262
163264
163269
163270
163271
163274
163275
163276
163280
163281
163282
163283
163299
163302
163305
163311
163312
163321
163322
163323
163324
163328
163330
163334
163338
163340
163342
163359
163361
163363
163366
163370
163371
163372
163382
163387
163388
163389
16339
163390
163391
163392
163397
163398
163401
163402
163403
163410
163417
16342
163422
163424
163429
163431
163433
163479
163483
163535
163572
163573
163602
16362
163626
163646
163653
16366
163660
163664
16367
163670
163680
163683
163707
16371
163710
163714
163715
16372
163727
163744
163758
164000
164008
164009
164042
164043
164045
164048
164049
164050
164052
164054
164062
164064
164071
164076
164077
164083
164087
164093
164097
164109
164110
164116
164122
164186
164229
164236
164238
164244
164246
164283
164295
164298
164307
164332
164335
164384
164385
164405
164416
164421
164430
164453
164457
164463
164466
164468
164472
164473
164476
164477
164479
164502
164513
164541
164567
164576
164582
164599
164606
164614
16465
164764
164783
164807
164813
164826
164842
164850
164885
165060
165065
165070
165077
165080
165093
16513
16519
165306
165335
165345
165374
165381
165499
165508
165517
165519
165521
165560
165565
165577
165591
165592
165629
165630
165633
165634
165641
165645
165653
165665
165708
165713
165730
165734
165784
165799
165808
165852
165855
165868
165888
165889
165918
165939
165948
165949
165980
165985
166002
166029
166035
166046
166081
166121
166145
166181
166191
166199
16621
166239
166244
166246
166294
166298
166395
166470
16650
16652
166528
166547
166550
166553
166556
166573
166579
166583
166599
166624
166684
166692
16676
16678
166788
166789
166791
166794
166797
166805
166814
166817
16684
166840
166843
166850
166859
166875
16690
16691
166927
166956
167016
167019
167024
167050
167077
167082
167095
167117
167184
167190
167196
167201
167247
167261
167264
167307
167365
16739
16740
167408
167420
167433
16744
16745
16746
16747
16749
167503
16751
167528
167565
167583
167593
16781
167820
167823
16783
167836
16784
167870
1679
16794
1680
168003
16801
168040
168043
168057
168062
168065
168066
168071
168092
1681
168122
168152
168165
168186
168188
1682
168214
168251
168259
168271
168287
168295
168296
1683
168304
168307
16831
16832
168385
1684
168476
168486
168488
168493
1685
16850
168543
168583
16860
16861
168635
168644
168680
168694
1687
168701
168722
168725
168729
168748
16876
168760
16877
16878
1688
16880
1689
168992
1690
169135
169237
169245
169258
169319
169340
169343
169349
169353
169358
169360
169372
169380
169382
169389
169395
169418
169429
16943
16944
169446
16946
169499
169505
169508
169520
169522
169524
169530
169539
169555
169561
169577
169581
169607
169644
169647
169651
16973
169731
16974
169745
169771
169865
169895
169902
169938
169944
169950
169955
169958
169966
169995
170037
170078
170090
170132
170139
170182
170248
170297
170313
170329
17035
17036
170362
17037
170434
170450
170471
170498
170506
170530
170537
170540
170552
170569
170573
170582
170597
170598
170614
170623
170634
170652
170655
170693
170701
170722
170726
170731
170755
170767
170773
170837
170884
170934
170985
170997
171016
171053
171063
171070
171080
171081
171082
171092
171100
171110
171112
171128
171141
171150
171153
171167
171169
171171
171179
171193
1712
171213
171214
171216
171222
171229
171259
171266
171279
1713
17130
171313
171325
17133
171331
171345
17135
171359
171365
171366
171376
171380
171448
171506
171514
17154
171611
171638
171670
171766
171779
171780
171788
171899
171940
17204
172108
172178
172217
172218
172222
172228
172237
172240
172245
172249
172255
172258
172272
172323
172351
172352
172355
172357
172365
172376
172383
172421
172424
172433
172436
172442
172518
172536
172547
172588
172594
172604
172606
172618
172621
172658
172675
172717
172730
172757
172768
172769
172772
17278
17279
172790
172803
172805
17281
172811
172827
17283
172846
172863
172878
172903
172913
172921
172925
172931
172973
172986
172989
172994
173000
173046
173085
173098
17314
173193
173204
173205
173224
173244
173249
173250
173259
173265
173266
173270
173304
173320
173329
173334
173338
173352
173366
173375
173378
173384
173450
173451
173469
173489
173533
173535
173548
173573
173574
173576
173580
173583
173594
173606
173616
173620
173633
173638
173649
173652
173654
173755
173791
173815
173817
173899
174131
174132
174133
174134
174192
17420
174206
174214
174219
174222
174224
174245
174246
174249
174252
174270
174272
174290
174324
174326
174330
174333
174355
174357
174379
174397
174411
17442
174442
174499
174518
174537
174541
174544
174577
174581
174583
174585
174587
174588
174589
174590
174591
174593
174598
174602
174610
174636
174643
174644
174646
17489
17499
175126
175129
175131
175133
175187
175201
175219
175227
175237
175239
175241
175245
175246
175250
175259
175281
175287
175301
175306
175320
175323
175334
175364
175371
175386
175390
175451
175466
175532
175535
175575
175576
175578
175579
175582
175583
175584
175588
175596
175598
175605
175612
175625
175630
175635
175651
175654
175664
175667
17576
175762
17579
17583
17584
17585
176038
176115
176118
176176
176177
176190
176198
176213
176235
176237
176239
176242
176246
176255
176297
176308
176315
176320
176345
176365
176376
176377
176392
176400
176435
176445
176458
176493
176500
176526
176530
176563
176564
176566
176568
176573
176574
176576
176585
176594
176595
176613
176616
176639
176661
176680
176871
17694
17695
17696
17697
17698
17700
17702
17704
17705
17728
177294
177328
177433
177444
177446
177455
177458
177484
177506
177522
177547
177570
177576
177580
177587
177588
177601
177602
177612
177614
177636
177638
177645
177654
177684
177685
177695
177698
177718
177741
177746
177800
177806
177807
177812
177813
177814
177830
177835
177887
177932
177946
177958
177978
177991
177994
177997
178017
178031
178036
178039
178045
178057
178076
178079
178084
178108
178111
178121
178139
178144
178145
17815
178153
178167
178171
178172
178173
178177
178178
178179
178183
178184
178185
178187
178188
178190
178191
178196
178204
178209
178230
178231
178233
178234
178237
178253
178255
178260
178264
178274
178277
178278
178279
178280
178282
178283
178284
178286
178287
178288
178290
178291
178292
178293
178298
178317
178324
178325
178326
178327
178330
178331
178333
178349
178362
178365
178381
178384
178393
178402
178413
178424
178425
178430
178431
178434
178438
178442
178446
178452
178460
178464
178465
178467
178468
178469
178471
178473
178474
178475
178476
178477
178479
178480
178481
178482
178483
178486
178487
178488
178489
178490
178494
178497
178500
178506
178507
178509
178526
178529
178542
178548
178573
178576
178578
178579
178580
178582
178583
178587
178588
178595
178608
178619
178622
178625
178630
178634
178642
178646
178647
178649
178653
178657
178658
178664
178669
178670
178672
178678
178680
178689
178701
178703
178709
178711
178712
178718
178729
178731
178732
178733
178736
178739
178740
178741
178742
178744
178758
178760
178763
178764
178767
178768
178770
178771
178772
178773
178776
178777
178778
178779
178809
178820
178823
178831
178832
178833
178834
178858
178869
178874
178879
178880
178881
178882
178885
178887
178888
178889
178890
178891
178892
178893
178894
178904
178910
178916
178917
178918
178922
178923
178925
178926
178933
178935
178937
178938
178951
178952
178981
178982
178989
178996
179000
179012
179015
179024
179033
179040
179044
179048
179049
179056
179059
179061
179062
179063
179064
179065
179066
179067
179069
179070
179071
179072
179073
179075
179077
179078
179079
179080
179081
179082
179093
179096
179098
179099
179100
179102
179121
179123
179147
17915
179150
179154
179156
179159
17916
179167
179168
17917
179170
179171
179172
179173
179174
179178
179179
17918
179180
179214
179215
179216
179223
179227
179228
179237
179245
179290
179292
179300
179307
179315
179322
179327
179329
179333
179334
179338
179341
179351
179352
179353
179354
179357
179359
179361
179363
179364
179365
179367
179368
179369
179370
179371
179373
179374
179377
179382
179386
179392
179394
179395
179396
179398
179404
179407
179415
179417
179419
179421
179446
179454
179455
179458
179462
179464
179465
179466
179467
179468
179469
179470
179471
179473
179474
179475
179476
179483
179496
179509
179510
179517
179518
179533
179536
179537
179548
179551
179557
179585
179596
179598
17961
179618
179619
17962
179623
179626
179627
179628
179632
179635
17964
179640
179645
179646
179647
179648
179650
179651
179652
179653
179654
179655
179656
179659
179662
179664
179665
179666
179667
179668
179669
179671
179673
179674
179675
179678
179679
179681
179689
179690
179691
179713
179731
179747
179748
179752
179757
179758
179759
179760
179763
179765
179766
179767
179768
179769
179770
179772
179781
179792
179795
179800
179804
179805
179806
179807
179809
179815
179829
179831
179836
179838
179840
179842
179844
179848
179854
179862
179875
179878
179881
179893
179894
179895
179896
179905
179906
179909
179913
179914
179919
179927
179934
179935
179941
179942
179943
179944
179945
179948
179949
179950
179953
179954
179959
179960
179961
179962
179964
179965
179968
179984
179986
179988
179989
179998
18015
18016
18017
180230
180231
180233
180236
180251
180273
180276
180277
180280
180281
180282
180284
180285
180287
180297
180299
180309
180310
180312
180318
180319
180320
180330
180343
180345
180352
180362
180363
180392
180395
180407
180420
180427
180428
180429
180436
180450
180453
180455
180457
180458
180459
180462
180464
180469
180470
180472
180474
180475
180478
180479
180480
180501
180513
180523
180528
180530
180547
180553
180558
180566
180570
180571
180572
180573
180580
180581
180587
180604
180613
180614
180615
180621
180625
180626
180629
180637
180661
180665
180670
180681
180683
180708
180710
180715
180720
180721
180722
180732
180736
180737
180740
180750
180754
180755
180757
180758
180759
180761
180764
180765
180766
180767
180769
180770
180773
180775
180777
180778
180779
180808
180823
180827
180841
180847
180848
180863
180865
180866
180867
180868
180869
180872
180873
180875
180877
180885
180896
180901
180905
180909
180912
180917
180920
180923
180924
180935
180937
180944
180961
180970
180997
181001
181003
181013
181016
181022
181030
181032
181034
181045
181054
181055
181056
181058
181062
181063
181064
181065
181068
181069
181074
181076
181079
181082
181086
181087
181097
181119
181120
181122
181126
18113
181149
181155
181157
181159
18116
181161
181162
181166
181167
181169
181170
181171
181172
181173
181175
181176
181177
181178
181179
181180
181197
181198
181202
181213
181215
181217
181220
181223
181238
181239
181240
181241
181255
181261
181263
181280
181289
181292
181303
181314
181317
181322
181324
181331
181335
181337
181347
181350
181354
181358
181359
181361
181362
181366
181367
181368
181369
181370
181372
181373
181374
181376
181378
181381
181391
181406
181415
181416
181419
181420
181424
181439
181445
181446
181447
181450
181451
181458
181461
181462
181463
181464
181465
181466
181468
181469
181470
181471
181472
181496
181506
181507
181508
181512
181515
181518
181519
181520
181521
181539
181540
181554
181581
181591
181596
181599
18160
181601
181602
181604
181616
181617
181625
181631
181638
181645
181647
181649
181654
181655
181657
181658
181659
181660
181661
181664
181665
181667
181668
181669
181670
181671
181672
181673
181677
181688
181690
181692
181698
181715
181717
181719
181734
181736
181741
181744
181746
181748
181749
181755
181760
181761
181763
181765
181766
181767
181770
181771
181772
181790
181792
181815
181832
181835
181840
181858
181882
181883
181889
181891
181896
181907
181910
181914
181915
181917
181920
181926
181942
181944
181945
181946
181949
181951
181952
181953
181955
181956
181957
181958
181959
181962
181964
181965
181969
181979
181981
181983
181986
182011
182013
182018
182055
182066
182077
182099
1821
182101
182102
182109
182113
182126
182128
182135
182140
182153
182155
182156
182158
182168
182170
182174
182177
182188
182190
182191
182192
182198
1822
182202
182205
182206
182211
182212
182214
182215
182218
182219
182222
182226
182235
182236
182240
182258
182259
182265
1823
182330
182336
182341
182342
182345
182348
182350
182353
182356
182359
182361
182363
182365
182366
182375
182377
182380
182394
182398
1824
182409
182429
182433
182435
182452
182457
182461
182463
182466
182469
182470
182473
182478
182494
1825
182510
182522
182525
182531
182535
182547
182555
182557
182560
182561
1826
182600
182607
182608
182713
182714
182715
182716
182722
182723
182724
182725
182726
182727
18273
18274
18275
18276
18277
183076
183105
183106
183107
183108
1833
183453
183454
183455
183456
183457
183458
183459
183460
183461
183462
18366
18375
183881
183902
183958
1841
18422
184221
184222
184223
184224
184225
184226
184367
184616
184617
184618
184619
184620
184621
184622
184623
184624
184625
1847
185061
185120
18531
18533
18534
18535
185807
185808
185809
185810
185811
185812
185813
1859
186145
186146
186204
186205
186206
186207
18623
186230
186231
186232
186233
186234
186235
186236
186237
186238
186239
186240
186284
186342
18653
18655
18656
18657
18658
186860
186861
186862
186863
186864
186865
186866
186867
186868
18706
187349
187350
187351
187352
187353
187354
187355
187356
187370
187371
187372
187373
187374
187375
187376
187377
187378
188030
188031
188032
188074
188075
188076
188077
188078
188304
188305
1884
188420
18868
18869
188695
18873
18874
188751
188752
188753
18878
18879
18880
18882
188823
188824
188825
188826
188827
188828
189259
189260
189261
189262
189534
189535
189733
189734
189735
189736
189737
189738
189779
189780
189781
189782
189783
189784
18979
189873
189874
189875
189876
189877
189878
189957
189958
189959
190266
1907
1908
190832
190833
190834
190835
190836
19103
1911
191132
191133
191134
191135
191136
191137
191201
191451
191452
19156
191757
191793
191900
191901
191902
191903
192010
192011
192012
192013
192014
192015
192016
192017
192018
192019
1921
192429
192430
19260
19262
192666
192667
192668
192669
192715
192760
192761
192762
192763
192764
192765
192766
192767
192768
192769
192906
192907
192908
19299
19304
19305
19308
19309
193183
193184
193185
193196
193197
193333
193334
193335
193336
193533
193688
193966
193976
193996
193997
193998
193999
194000
194001
194039
194207
194208
194498
194499
194500
194501
194502
194503
194504
194505
194506
194507
194509
194657
194658
194659
194660
194661
194662
194663
194664
194665
194666
194667
194668
194988
194989
194990
194991
194992
195384
195385
195386
195387
195443
195475
195476
195825
195895
196073
196227
196385
196386
196387
196388
196389
196390
196699
196700
196701
196702
196703
196704
196705
196706
196707
196708
196875
196876
196877
196878
196879
196880
196881
196882
196935
196936
196937
196938
197772
19796
19804
19809
198108
19812
198625
198626
198627
199212
199213
199214
199215
199216
199217
199218
199219
199350
199682
199757
199758
199759
199760
199761
199762
19982
199846
199869
199870
199871
199872
199873
199874
199875
199876
199896
199897
199898
199899
199900
200276
200277
200278
200279
200280
200281
200282
200283
20038
20040
20043
200477
200478
200479
200580
200581
200582
200583
200584
200585
200586
200587
200588
200589
200594
200595
200596
200597
200598
200599
200809
200810
20082
20094
20100
20101
20102
20105
201059
201060
201159
202300
202436
202437
20291
20304
203152
203153
203154
203155
203156
203157
203158
203159
203160
203161
203162
203165
203166
203167
203168
203223
20323
20325
20326
20327
20337
203488
203489
203781
203895
204251
204306
204370
204371
204567
204568
204569
204570
204637
204638
204639
204640
204641
204642
204643
204644
204645
204646
204653
204963
205198
205199
205200
205201
205676
205677
205678
205679
205680
205681
205682
205683
205684
205685
205686
205851
205852
205853
205854
205855
205856
205857
205858
206143
206290
206291
206292
206293
206294
206295
206296
206297
206298
206299
206300
206301
206302
206303
206304
206305
206306
206307
206308
206309
206625
206791
206792
206793
206794
206795
206796
206797
206798
20700
207710
207711
207712
207713
207714
207715
207716
207717
207718
207719
207720
207721
207722
207723
207724
207725
207726
207727
207728
207729
207730
20807
20808
20809
208355
2091
209120
209155
209156
209157
209158
209159
209160
209161
209162
209163
209164
209165
2092
20933
20935
20936
20937
20938
209398
209399
2094
209400
209401
209402
209403
209404
209405
209406
209407
209545
209546
209547
209548
209549
209550
209551
209552
209553
209577
209651
20968
209684
209685
209686
209687
209688
209689
209690
209691
209692
209693
209694
209695
209878
209879
209880
209881
209936
209937
209938
209939
209940
209941
209969
210085
210159
21106
21107
21108
211208
211209
211242
211243
211244
211245
211246
211247
211248
211249
211250
211251
211252
211253
211463
211464
211465
211466
211467
211468
211469
211470
211471
211472
211473
211474
211475
211476
211780
211781
2118
211837
211838
211839
211840
211841
211842
211843
211844
212067
212223
212907
212908
212909
212910
212911
212912
212913
212914
212915
212916
213026
213027
213028
213029
213030
213031
213032
213033
213462
213607
213608
213609
21388
21389
21390
21391
213946
213947
213948
213949
213950
213951
213952
213953
213954
21398
214129
214130
214131
214132
214133
214134
214199
214200
214201
214202
214203
214204
214205
214206
214269
214480
214481
214482
214483
214484
214722
214747
214748
215424
215425
215426
215427
215428
215429
215467
215479
215557
215652
215653
215654
215655
215936
215937
215938
215939
215940
215943
215986
215987
215988
215989
215990
215991
215992
215993
215994
215995
215996
215997
216368
216369
216370
216371
216372
216373
216374
216375
216376
216378
21650
21651
21654
216640
216641
216642
216643
216644
216645
21674
21675
217021
217299
217300
217301
217302
217445
217722
217723
217724
217725
217726
217727
217728
217729
217730
217863
217864
217865
217866
217867
217868
217869
217870
217871
217872
218190
218242
218243
218244
218245
218246
218247
218324
218325
218326
218327
218328
218329
218330
218331
218635
218636
218637
218638
218639
218640
218666
219272
219273
219274
219275
219276
219277
219278
219279
219446
219447
219448
219449
2195
2196
219609
219713
219934
219935
219936
219937
219938
219939
219940
219941
219942
219943
219944
219945
219946
219947
219948
219949
219950
219951
2200
220045
220046
220047
220048
220049
220050
220051
220052
220053
220054
2201
220176
2202
220264
2203
220353
2204
220620
220621
220622
220623
220624
220625
220626
220627
220628
220629
220630
220631
220632
220633
220634
220635
220637
220638
220639
220640
220641
220642
220643
220794
220818
220819
220820
220821
220822
220823
221268
221269
221270
221271
221272
221273
221274
221275
221276
221277
221350
221786
221787
221788
221789
2220
222002
222003
222004
222005
222006
222007
222105
222125
222368
222369
222370
222371
222372
222373
222476
222477
222478
222479
222480
222481
222482
222483
222484
222485
222527
222528
222529
222530
222531
222532
222533
222544
222545
222546
222547
222548
222549
222550
222551
222552
222553
222554
222555
222556
222557
222558
222559
222560
222561
222562
222563
222564
222565
222566
222567
222568
222635
222636
222637
222638
222772
222773
222774
222775
222776
222777
222778
222779
222780
222781
222872
222873
222874
222875
223051
223052
223053
223054
223055
223056
223057
223058
223059
223060
223115
223116
223563
223980
223981
223982
223983
223984
223985
223986
223987
223988
223989
224908
224909
224910
224911
224912
224913
224914
224915
225042
225065
225066
225067
225068
225069
225070
225071
225072
225073
225074
225075
225076
225185
225186
225187
225188
225189
225190
225191
225192
225193
225194
225577
22582
225872
225873
225874
225875
225876
225877
225878
225879
225880
225881
22604
22609
22612
226151
226152
226153
226164
22633
226351
22636
226480
226481
226482
226483
226484
226485
226486
226487
226488
226489
22649
22654
22659
22668
226773
226774
226775
226776
226777
226778
226824
226825
226826
226827
226828
226829
226830
226831
22696
22699
227006
227007
227008
227009
227010
227011
227146
227346
22776
227797
227934
22817
22818
22839
22843
22845
22846
22850
22852
228558
228559
228586
228587
228588
228589
228590
228591
228592
228593
228615
228616
228617
228618
228619
228849
228850
228851
228852
228853
228854
228855
228856
228857
228893
228928
228929
228930
228931
228962
22914
229161
2294
22949
2296
229721
22987
22989
22990
22995
230014
230015
230016
230017
230018
230019
230020
230021
230022
230023
230024
230025
230026
230027
230028
230029
230030
230091
230092
23010
230384
230385
230459
230460
230461
230462
23064
23065
23066
230703
230704
230705
230706
230707
230708
230709
230710
23072
23074
230743
23075
23076
230761
230762
230785
230786
23079
23080
23081
23085
231170
231171
231172
231173
231174
231175
231179
2313
23132
231704
231807
231808
231809
231810
231811
231812
231813
231814
231962
231963
231968
231995
232040
232129
232130
232131
232132
232133
232134
232135
232136
232161
232162
232163
232164
232165
232166
232167
232168
232169
232170
232171
232202
232203
232204
232205
232206
232207
232407
232458
232459
232460
232461
232462
232463
232464
232465
232466
232467
232681
232682
232683
232684
232685
232686
232687
232688
232689
232690
232691
232692
232907
232994
232995
232996
232997
232998
2337
233734
233735
233736
233737
233738
233739
233905
234143
23458
23460
23489
235000
235001
235002
235003
235004
235005
235006
235007
235008
235009
235010
235011
235181
235182
235183
235184
235185
235290
235291
235292
235293
235294
235295
235296
235297
23532
23540
235415
235416
235536
235537
235538
235539
235540
235541
235542
235543
235544
23557
23558
23559
23564
23566
23604
23605
23606
23608
236137
236138
236139
236140
236141
236142
236143
236144
236145
236146
236147
236148
236222
236371
236372
236373
236374
236375
236376
236431
236432
236433
236434
236435
236436
23645
23646
23647
236523
236524
236616
236617
236618
236619
236620
23687
23688
23689
23692
236932
236933
236934
236935
236936
236937
236938
236939
236940
236941
236942
236943
236944
23695
237060
237061
237062
237081
237192
237304
2375
237787
23812
23820
23823
238269
238270
238271
238272
238303
23837
23838
23840
23841
238511
238512
238513
238514
238515
238516
238554
238582
238583
238584
238585
238586
238587
238606
238607
238608
238609
238694
238695
238696
238697
238698
238699
238700
238701
239029
239030
239031
239032
239033
239034
239123
239124
239125
239126
239127
239128
239324
239432
23949
23950
23951
23958
23960
23961
23983
23986
23988
239923
239924
239925
239926
240039
240040
240041
240042
240043
240044
24026
24031
24032
24033
24038
24039
240496
240497
240498
240499
240500
240501
240518
240519
240520
240521
240522
240523
240650
240651
240652
240863
240864
240865
240866
24087
24093
24098
2410
24103
24127
24128
241341
241529
241530
241531
241532
241533
241534
241535
241536
241537
241538
241539
241540
241541
24163
241696
241697
241698
24178
24182
241827
241828
241829
241830
241831
241832
241833
242014
242015
24210
24211
24212
24225
242366
242367
242368
242369
242370
242371
242372
242373
242374
242375
242376
242562
242751
242752
242753
242879
242880
242881
242882
242883
242884
242885
242886
242887
243009
243121
243122
243123
243124
243125
243126
243184
243185
243186
243187
243188
243189
243221
243222
243223
243224
243225
243226
24323
243233
243234
243235
243236
243237
243238
243239
243240
243365
243366
243367
243368
243369
243370
243371
243372
243373
243374
243375
243386
243387
243388
243389
24340
243425
243426
243427
243428
243429
243430
243431
243432
243648
243649
243650
243651
243652
243653
243654
243655
243656
243657
243658
243659
243688
24402
244125
244126
244127
244128
244129
244130
244131
244132
244133
244134
244330
244331
244332
244333
244334
244335
24437
244386
24444
24456
24457
24458
244625
244626
244627
244628
244629
244630
244631
244632
244633
244634
244721
244722
244723
244724
244725
244726
244727
244768
244769
244770
244771
244772
244773
244774
24481
244905
244906
244907
244908
244909
244910
24492
24495
24502
245115
245116
245117
245118
245119
245120
245121
245122
245123
245124
245137
245138
245139
245140
245141
245142
24532
245321
245322
245323
245324
245325
245326
245327
245328
245329
245330
24537
24545
24579
24580
24616
24619
24622
246376
246377
246378
246379
246380
246381
24646
24659
246647
246648
246649
246650
246651
246652
246677
246678
246679
24676
24685
24689
246900
246901
246902
246903
246904
246905
246906
246907
246908
246909
24697
247021
247022
247023
247024
247025
247026
247027
247028
247029
24703
247030
247031
247032
247033
247034
247035
247036
247037
247075
247076
247077
247078
247079
24708
247080
247081
247082
247083
247084
247085
247086
247087
247088
247089
24715
247159
24726
247296
247297
247298
247299
247300
247301
247302
247303
24732
24733
247349
247350
247351
247352
247353
247354
247355
247356
247357
247358
247359
247360
247361
247362
247363
247364
247365
247366
247367
247368
247369
247370
247371
247529
247530
247531
247565
247566
247567
247568
247569
247570
247571
247572
247573
247574
247575
247576
247577
247578
24791
24804
248385
248479
248491
248492
248493
248494
248547
24875
24879
24884
248912
24893
24895
24902
24904
24908
24913
24918
24931
24935
24942
249457
249458
249459
249460
249461
249462
249463
249464
249465
249466
249467
249468
249469
24951
249520
249568
249569
249570
249571
249572
249573
249574
249583
249584
249585
249586
24965
24967
24969
24986
24995
24999
25001
25005
25007
25008
250090
25012
25014
250212
250213
250214
250215
250216
250217
250218
250219
250371
250372
250373
250374
250477
25063
25064
25069
250697
250698
250699
250700
250701
250702
250778
250779
250780
250781
250782
250783
250784
250785
250786
250787
250813
250814
250815
250816
250817
250818
25083
25087
25097
251117
251118
251119
251120
251297
251343
251344
251345
251346
251347
251348
251349
251350
251351
251383
251384
251385
251386
251387
251388
251389
251390
25145
25168
25173
25182
25186
25200
25209
25211
25213
252133
252134
252135
252136
252137
25217
25223
25233
25234
25235
252358
252404
25245
25249
252503
252504
252505
252506
25251
25252
25253
25254
252541
252542
252543
252544
252545
252546
252547
252548
252549
252550
25256
252579
252580
252581
252582
252583
252584
252585
252586
25264
25265
252654
252655
252656
25266
25267
253157
253158
253159
253160
253161
253162
25322
25323
25327
253328
253436
253437
253438
253439
253456
253457
253572
25379
25395
25396
254174
254183
254192
254193
254194
254195
254196
254197
25429
25431
25445
25447
254632
254633
254634
254635
254636
254637
254638
254639
254640
254652
254716
254717
254718
254719
254720
254721
254722
254723
254724
254725
254726
255159
255160
255161
255162
255163
255164
255180
255181
255182
255183
255184
255185
255186
255187
255222
255471
255472
255473
255474
255475
255476
255477
255478
255479
255480
255481
255482
255530
255531
255532
255533
255534
255535
255536
255537
255538
255539
25557
25558
25559
25560
25561
25562
255629
25563
255630
255631
255632
255633
255634
25564
255648
255649
25565
255650
255651
255652
255653
255654
255655
25566
255673
25580
256253
25642
25644
25645
25647
25657
256734
256788
25696
257121
257122
257123
257124
257125
257126
257178
257179
257180
257181
257182
257183
257184
257185
257186
257659
257660
257661
257662
257663
257664
257678
257679
257680
257681
257682
257683
257684
257685
257686
257687
257688
257751
25780
25782
25789
25795
258449
258450
258451
258452
258453
258454
258455
258466
258467
258468
258469
258470
258471
258472
258473
258474
258475
258695
258696
258697
258698
258699
258700
258701
258702
258703
258704
25884
258909
258910
258911
258912
258913
258914
259097
259527
259528
259529
259530
259531
259532
259755
259756
259757
259758
259759
259760
259761
259762
259763
259764
259800
259801
259802
259803
259804
259805
259806
259807
259808
259809
259810
259811
259812
259813
259814
259815
259816
259817
259818
259819
259820
259821
259822
259823
259824
259825
259826
25984
2599
2602
26037
260797
260798
260799
260800
260801
260802
260946
260947
260948
260949
260950
260951
260952
260953
260954
260955
260956
261082
261083
261084
261085
261086
261087
261088
261089
261090
261091
261396
261397
261398
261399
261400
261401
261469
261476
261477
261478
261479
261480
261481
261482
261483
26156
26157
261782
261783
261784
261785
261786
261787
261788
261789
261790
261791
261851
261852
261853
261854
261855
261856
261857
261858
261859
26191
2621
262268
262279
262399
262400
262401
262402
262403
26248
26252
262733
262734
262735
262736
262737
262738
262921
262922
262923
262924
262925
262926
262927
2631
263183
263184
263185
263186
263187
263188
26321
263396
263623
263624
263625
263626
263627
263628
263629
263630
263631
263658
263713
263714
263838
263839
263840
263841
263842
263843
263844
263845
263846
263847
263964
263965
263966
263967
263968
263969
263970
263971
263972
263973
263974
263975
264211
264212
264213
264214
26424
26425
26426
26429
264300
264301
264302
264303
264304
264305
264306
264307
264308
264309
26434
264562
264563
264564
264565
264566
264567
264568
264569
264570
264571
264927
264928
264929
264930
264931
264932
264933
264934
264935
264936
265415
265416
265417
26552
26553
265590
265591
265592
265593
265594
265595
26566
26567
26568
26569
26570
26571
26572
26573
26574
26575
265751
265752
265753
265754
265755
265756
265757
265758
26576
265813
265814
265815
265816
265817
265818
266060
266061
266062
266063
266064
266065
266066
266067
266068
266181
266217
266218
266219
266220
266221
266222
266223
266224
266225
266486
266487
266488
266489
266490
266491
266492
266493
266494
266495
266627
266686
266687
266688
266689
2667
26675
26676
26677
26678
266873
266874
266875
266876
266877
266878
267124
267125
267126
267127
267128
267129
26718
26719
26720
26724
26725
267368
267369
267370
267371
267372
267373
267374
267375
26738
26739
267443
267444
267521
267673
267674
267675
267676
267710
267711
267712
267713
267714
267715
26774
26775
26793
268292
268320
268321
268322
268323
268324
268325
26847
268628
268629
268630
268631
268632
268633
268634
268635
268703
268704
268705
268706
268763
268764
268765
268766
268767
26897
268992
26901
269063
269064
269065
269066
269067
269068
269069
269070
269071
269072
269073
269137
269138
269139
269140
269141
269142
269143
269144
269145
269146
269147
269148
269338
269339
269340
269341
269342
269537
269584
269595
269632
269633
269634
269635
269636
269637
269638
269639
269749
269750
269751
269752
269753
269754
269943
269944
269945
269946
269947
269948
269949
269950
269951
269974
269975
269976
269977
269978
269979
269980
269981
269982
269983
269984
269985
269986
269987
269988
269989
269990
269991
269992
269993
270307
270308
270309
270310
270311
270312
270313
270314
27067
270670
270671
270672
270673
271045
271046
271047
271048
271548
271549
271550
271551
27161
27162
271738
271739
271740
271741
271742
271906
271907
272014
272088
272089
272090
272091
272156
272157
272158
272159
272160
272161
272248
272249
272346
272347
272348
272349
272350
272351
272384
272385
272707
272708
272709
272710
272711
272712
272713
272714
272715
27287
27288
273143
273144
273145
273146
273147
273148
273149
273150
273151
273172
273173
273174
273175
273176
273177
27348
27349
273663
273664
273665
273666
273667
273668
273907
273908
273909
273910
273911
273912
273995
274198
274199
274200
274201
274202
274203
274204
274205
274206
274207
274208
274209
274210
274211
274238
274373
274374
274375
274376
274377
274378
274379
274380
27441
274442
274443
274444
274445
274446
274447
274448
274449
274531
274532
274533
274534
274569
274570
274678
274679
274680
274681
274682
274683
274684
274712
274713
274927
274928
274929
274930
274931
274932
274933
274934
274935
274936
274943
274944
274945
274946
274947
274948
274949
274950
274951
274952
274953
274954
274955
274956
274957
274958
274959
274960
274961
274962
274963
274964
274965
275108
275109
275110
275111
275112
27531
275584
275593
275594
275595
275596
275597
275598
275599
275600
275601
275704
275705
275706
275707
275794
275795
275796
275797
275798
275799
27582
2760
276029
276030
276031
276032
276033
276034
2761
276107
276108
276109
276110
276111
276112
276113
276114
276115
276116
276117
276118
276119
276120
276121
276122
276123
276131
276132
276133
276134
276135
276136
276137
276138
2762
276290
276428
276429
276430
276431
276432
276433
276434
276435
276436
276437
276438
27667
276692
276744
276745
276746
276747
276748
276749
276750
276751
277169
277277
277278
277333
27792
27795
27796
27797
27798
277994
277995
277996
27800
27801
27802
278077
278078
278079
27808
278080
278081
278082
278083
278084
27819
27823
27824
278305
278306
278307
278308
278309
278310
278311
278312
278396
278397
278398
278399
278400
278401
278402
278403
278520
278521
278522
278626
278685
278712
278713
278714
278715
278716
278717
27906
27909
27910
27911
27912
27913
27914
279654
279655
279656
27973
27974
279740
27975
279826
279827
279828
279867
28005
28014
280226
280227
280228
280229
280230
280231
280272
280299
280300
280301
280302
280303
280304
280305
280306
280307
280666
280667
280668
280669
280670
280671
28068
28071
280803
280804
280805
280806
280807
280808
280809
280810
280811
280812
280813
280814
280860
280861
28087
280948
280949
280950
280951
280952
280953
280954
280955
280956
280957
280958
280959
280960
280961
28101
28104
281099
281175
28124
281261
281262
281263
281315
281316
281317
281318
28140
28143
28144
281569
28161
28164
281693
281694
281695
281696
281697
281698
281699
281700
281701
281702
281879
281880
281881
281882
281883
281884
281970
281971
281972
281973
281974
281975
281976
281977
281978
28211
28216
28225
282253
282254
28226
282285
282286
282287
282288
282289
282290
282291
28239
2825
28254
28257
28268
28272
282854
282855
282856
282857
282858
282859
282860
282861
282862
282863
282993
282994
28309
283146
283147
283148
283149
28328
28333
28337
283397
283398
283399
283400
283550
283551
283552
283553
28356
28366
283661
283662
283663
283664
283665
283666
283667
283668
28370
28372
283732
28374
28383
283939
283940
283941
283942
283943
283944
283945
283946
28397
28401
28402
284125
284126
284127
284128
284129
284130
284156
284157
284158
284159
284160
284161
284180
284181
284182
284183
284184
284185
284186
28422
284326
284327
284328
284329
284330
284331
284332
284333
284334
284335
284345
284346
284347
284348
284349
284350
284351
284352
28450
284541
28459
284776
285041
28510
28524
285430
285431
285432
285433
285434
285435
285436
285437
285480
285481
285482
285483
285484
285485
285486
285487
28549
285521
28556
28557
28559
285593
28560
285629
285630
285631
285632
285633
285634
285635
285636
285637
285638
285672
285673
28569
28575
28579
28594
285943
285944
285945
285946
285947
285948
28595
285972
285973
285974
285975
285976
285977
285978
285979
285980
285981
286004
286005
286006
28606
286085
28612
28616
28629
286304
286305
286306
286307
286308
286309
286310
28634
28636
28637
28640
286442
286443
28645
28646
28649
286570
28659
28663
286630
28664
28666
28668
286742
286743
286744
286745
286746
286747
28675
28677
28696
28697
28714
287204
287205
28722
28723
28729
28734
28735
28737
287457
287477
287478
28748
28749
28750
28751
28752
288173
288174
288175
288176
288177
288178
288216
288217
288218
288219
288220
288221
288222
288223
288224
288225
288226
288227
288228
288229
288230
288231
28831
28834
28840
28841
28842
28843
288461
288462
288463
288464
288509
288510
288511
288512
288513
288514
288515
288516
288517
288743
288744
288745
288746
288747
288748
288987
288988
288989
288990
288991
288992
28901
289030
289031
289032
289033
289034
289035
28904
289055
289056
289057
289058
289059
28906
289060
289061
289062
289063
289064
28909
28914
289306
289307
289308
289309
289310
289311
289609
289610
289611
289612
289613
289614
28983
28984
289846
289847
28989
28992
28997
28999
290158
290159
290160
290161
290162
290163
290164
290165
290166
290167
29035
290355
290356
290357
290358
290359
290360
290503
290504
290505
290506
290507
290508
290519
290520
290521
290522
290523
290524
290525
290526
290527
290528
290529
290530
290531
290532
290533
290534
290535
290536
290537
290538
290539
290540
290639
290640
290641
290642
290643
290644
290645
290809
290810
290811
290812
290813
290814
290815
290897
290898
290966
290967
290968
290969
290970
290971
29106
291064
291065
291066
291067
291068
291069
29107
291070
291071
291072
291073
291074
291075
291076
291077
291078
291079
29108
291080
291081
291082
291083
291084
29109
291135
291136
291137
291138
291139
29114
291140
291141
291142
291143
29116
291281
291282
291296
291431
291432
291433
291706
291707
291708
291709
291710
29177
29184
29185
291984
291985
291986
291987
291988
291989
291993
291994
291995
291996
291997
291998
291999
292000
29202
29212
2922
29251
29261
292743
292744
292745
292746
292747
292748
292749
292750
292751
292752
29282
292847
292848
292849
292850
292851
292852
292853
292860
29300
2934
29368
29373
293797
293798
293799
293800
293801
293802
293803
293804
2940
29401
29407
294071
294072
294073
294074
294075
294076
29408
29413
29415
294205
294206
294207
294208
294209
294210
294211
294212
29438
29439
29440
29441
29442
29443
294629
29497
295104
295105
295106
295107
295108
295109
295110
295111
295112
295113
295114
295198
295476
295648
295649
295650
295651
295652
295653
295654
295891
295892
295893
295894
295895
295896
295897
295898
295899
295900
295901
295902
295903
295904
295905
295906
295907
295908
295909
295910
295911
296179
296254
296255
296256
296257
296258
296259
296260
296261
296262
296263
296362
296424
296425
296426
296427
296428
296429
296507
296604
297080
29721
29726
29728
29730
297564
297565
297566
297567
297568
297569
297570
297571
297653
297654
297655
297656
297657
297658
297689
2979
297975
297976
297977
297978
297979
297980
297981
297982
2980
298045
298046
2981
2982
298201
298202
298203
298204
298205
298206
298207
298208
298209
298210
298246
298247
298248
298249
298250
298251
298306
298307
298308
298309
298310
298432
298433
298434
298435
298436
298437
298438
298439
298496
298497
298498
298499
298500
298501
298559
298560
298561
298562
298563
298564
29861
298733
298734
298735
298736
298737
298738
298825
298826
298827
298828
298829
298830
298845
298846
298847
298848
298849
298850
298851
298852
298853
298854
298855
299074
299109
299110
29912
29913
29914
29915
29916
29917
29936
29941
29943
29944
299450
29947
299499
29950
299500
299501
299502
299503
29951
29952
29972
29973
29983
29984
29987
299881
299882
299883
299884
299885
299886
299887
299888
29991
29992
29994
29997
30011
300123
300289
300551
300552
300553
300554
300555
300556
300557
300662
300663
300664
300665
300666
300667
300842
300843
300892
300893
300894
300895
300896
300968
30106
30118
301501
301502
301503
301504
301505
301506
301683
301684
301685
301686
301687
301688
301689
301690
301691
301692
301820
302030
302083
302084
302229
302230
302231
302232
302233
302234
302235
302236
302237
302327
302328
302329
302330
302331
302332
302544
302545
302546
302547
302548
3026
302676
302677
302678
302679
302680
302681
30297
303124
303125
303170
303171
303172
303173
303174
303175
303176
303594
303595
303596
303597
303598
303599
30369
30373
304015
304016
304017
304018
304019
304020
304021
304022
304023
304024
304025
304026
304027
304277
304278
304279
304280
304281
304282
304384
304385
304386
304387
304388
304389
304390
304391
304985
304986
304987
304988
304989
304990
304991
304992
304993
304994
305140
305141
305142
305143
305144
305145
305146
305147
305148
305149
305150
305151
305152
305153
305154
305155
305156
305157
305158
305159
305160
305161
305162
305163
305164
305252
305253
305254
305255
305256
305257
305434
305466
305467
305468
305469
305470
305471
3055
305533
305534
305535
305536
305537
305538
305539
305540
305541
305542
305543
305544
305545
305546
305588
305589
305590
305591
305592
3056
305922
306075
306076
306077
306078
306079
306080
306081
306082
3061
306144
306145
306146
306147
306148
306149
306150
306151
306152
306153
30625
306255
306256
306257
306258
306259
306260
30627
30629
30630
30645
30647
30648
30649
30650
306517
306518
306519
306520
307102
307103
307104
307105
307106
307107
307108
307109
307152
307153
307154
307155
307156
307157
307158
307159
307160
307161
307162
307417
307418
307459
307460
307461
307462
307463
307464
307465
307466
307467
307468
307469
307470
307495
307587
307588
307589
307590
307591
307592
3076
307813
307814
307815
307816
307817
307818
307819
307820
307821
307822
307847
307848
307849
307850
307851
307852
307853
307854
308049
308050
308051
308052
308053
308054
308055
308056
308186
308187
308188
308189
308190
308191
308192
308193
308405
308406
308407
308408
308409
308410
308411
308412
308413
308414
308415
308529
308533
308534
308535
308536
308537
309019
309020
309021
309022
309023
309024
309322
309685
309686
309687
309688
309689
309690
309691
309692
309749
309750
309751
309752
309753
310104
310105
310106
310107
310108
310109
310286
310287
310288
310289
310290
310291
310324
310331
310332
310333
310334
310335
310336
310382
310383
31041
31042
31043
310625
310672
310673
310674
310675
310676
310677
310678
310679
310680
310681
310682
310683
310813
310949
310950
310951
310952
310953
310954
31100
31102
31105
311051
311052
311095
311096
311097
311098
311099
311100
311101
311102
311103
311104
311105
311106
311334
311335
311336
311337
311338
311339
311340
311341
311342
311343
311544
311545
311546
311547
311548
311549
311550
311551
311552
311705
311706
311707
311708
311709
311710
311711
311712
311932
311933
311934
311935
311936
311937
311938
311960
311961
311962
311963
311964
311965
311966
312007
312008
312009
312010
312011
312012
312013
312014
312015
312079
312080
312081
312082
312083
312084
312085
312086
312087
312265
312266
312267
312268
312269
312270
31250
312543
312544
312545
312546
312547
312548
312549
31255
312550
312551
312552
312553
312554
312633
312634
312635
312636
312637
312638
312712
313010
313119
313120
313121
313122
313123
313124
313205
313257
313258
313293
313294
313295
313296
313297
313298
313410
313411
31345
31347
31350
31356
3136
314137
314338
314339
314340
314341
314342
314343
314344
314345
314430
314431
314432
314433
314434
314435
314509
31467
3147
314701
314702
314703
314704
314705
314706
314707
314708
314709
314710
3148
314804
314805
31503
31506
315103
315104
315105
315106
315107
315108
315109
315110
315145
315146
315147
315148
315362
315363
315364
315365
316054
316055
316056
316057
316058
316059
316060
316061
316062
316137
316138
316139
316140
316141
316142
316143
316144
316145
316146
316373
316374
316375
316376
316377
316378
316458
316459
316543
316544
316545
316546
316594
316595
316596
316597
316598
316599
316600
316646
316647
316648
317137
317138
317139
317140
317141
317192
317193
317194
317195
317196
317197
317215
31741
317572
317573
317574
317575
317576
317577
317578
317579
317580
317611
317612
317613
31765
31766
31767
31769
317763
317764
317765
317766
317767
317768
317769
317770
31806
31807
31808
31809
31810
318271
318272
318273
318274
318275
318276
318277
318278
318279
318280
318281
318282
318596
318597
318598
318599
318600
318601
318602
318603
318604
318605
318717
318718
318719
318720
318721
318722
318723
318724
31888
318896
318897
318903
31899
319313
319314
319315
319316
319317
319318
319598
319599
319600
319601
319602
319603
319604
319606
319607
319608
319609
319610
319611
319612
319613
319614
319646
319721
319722
319723
319724
319725
319726
320091
320092
320093
320094
320095
320096
320097
320098
320099
320100
320135
320136
320137
320402
320403
320404
320405
320406
320407
320408
320409
320410
320411
320798
320799
320800
320801
320802
320803
320804
320818
320819
320820
320821
320822
320823
320824
320825
320826
320827
321345
321346
321347
321348
321349
321350
32142
32143
32144
32148
32165
321924
321925
321926
321927
321928
321929
321930
321931
321932
321933
321934
321935
321936
321937
321938
321939
321940
321941
321942
321943
321944
321945
321946
321947
321948
321949
321950
321951
321952
321953
321954
321955
321956
321957
321958
321959
322051
322285
322286
322287
322288
322289
322290
322291
322292
322293
322294
322456
322457
322458
322459
32287
32288
323105
323106
323119
323120
323121
323122
323123
323124
323125
323126
323127
32362
32363
323634
323635
323636
323637
323638
323639
323811
323812
323813
323814
323815
323816
323817
324173
324174
324175
324176
324177
324178
324179
324208
324209
324210
324211
324212
324213
324214
324215
324216
324217
324218
324235
324236
324237
324238
324239
324240
324284
324285
324286
324287
324288
324289
324290
324291
32430
324308
324309
32433
32434
32435
32436
324470
324471
324472
324473
324474
324475
324476
324477
324478
32475
324765
324766
324767
324768
324769
324770
324824
324825
324864
324865
324866
324867
324868
324869
324911
324912
324913
324914
324915
324916
32515
32516
32518
325181
325182
32519
32521
32522
32524
325296
325297
325341
325342
325343
325344
325345
325346
325347
325348
325349
325350
325455
325456
325457
325458
325459
325460
325640
325641
325642
325643
325644
325645
325646
325647
325648
325649
325765
325766
325767
325768
325769
325770
326208
326209
326210
326211
326212
326213
326214
326215
32625
326267
326268
326269
32627
326270
326271
326272
32628
32629
326522
326523
326524
326525
326526
326527
326528
326529
326609
326610
326611
326612
326613
326614
326615
326616
3267
326773
326774
326775
326776
326777
326778
3268
326970
326971
326972
326973
326974
326975
326976
326977
326978
327008
327009
327010
327011
327187
327206
327207
327208
327209
327210
327211
327212
327213
327214
327237
327238
327239
32791
32792
32793
32794
327966
327967
327968
327969
327970
327971
327972
327973
327974
327975
327976
327977
327978
327979
327980
327981
327982
327983
327984
327985
327986
327987
327988
327989
327990
327991
327992
327993
32808
32809
32811
328262
328263
328264
328265
3283
328309
328310
32955
32956
32957
32958
33043
33044
33063
33068
33077
33078
33079
33080
33081
33164
3318
3320
33237
33238
33240
33241
33292
33293
33295
33381
33384
33385
33430
33435
33436
33437
33492
33493
3359
33592
33596
33600
33601
33602
33603
33605
33607
33610
33611
33645
33653
33654
33655
33658
3368
3369
3371
33714
33715
33716
33719
33722
3373
33734
33735
3376
33764
33770
33854
33862
33914
33915
33916
33917
33918
33927
33928
33929
33933
33978
3399
3403
34071
34073
34074
34154
34155
34156
34157
34273
34279
34282
34302
34303
34311
34315
34316
34321
34417
34418
34420
34421
34422
34438
34455
34649
34745
34753
34754
34756
34758
34759
34761
3478
34796
34797
34809
34810
34811
34851
34854
34869
34871
34878
34892
34896
34898
34900
34901
34903
34904
34931
34932
34933
34934
34936
34959
3511
3512
3513
3515
35260
35283
35288
35289
35290
35292
35293
35294
35337
35352
35353
35355
35358
35359
35360
35361
35362
35368
35369
35404
35422
35443
35444
35500
35505
35506
35507
35533
35619
3566
3568
3569
35694
35696
35703
3573
35792
35939
36045
36046
36047
36048
36049
36076
36078
36079
36083
36086
36092
36330
36366
36367
36368
36396
36398
36399
36400
36401
36402
36403
36404
36405
36409
36433
36451
36455
36456
36461
3648
3649
36649
36671
36673
36679
36680
36692
36694
36695
36696
36697
36699
36700
36701
36721
36737
36739
36777
36803
36804
3681
36845
36848
36849
36851
36869
36882
36884
36885
36887
36888
36904
36910
36912
36914
36915
36916
36952
3696
3704
37046
37050
37058
37145
37146
37433
37434
37554
37555
37558
37663
37696
37698
37702
37704
37706
3774
37788
37789
37791
37793
37794
37828
37829
37830
37832
37833
37848
37872
37887
37888
37903
37905
37906
37907
37910
37912
37913
37914
37915
37916
37919
37921
37925
37929
37933
3794
37955
3799
3801
3803
38057
38060
38061
38062
38070
38072
38073
38093
38107
38108
38109
38203
38226
38238
38239
38240
38241
38299
38341
38343
38344
38346
38348
38414
3847
38495
38496
38497
38498
38556
38557
38558
38559
38568
38584
38585
38586
38587
38588
38589
38609
38624
38691
38777
38782
38829
38830
38831
38832
38883
38913
38963
38965
38968
38971
39092
39094
39122
39133
39148
39173
39174
39181
39201
39202
39203
39397
39422
39450
39451
39452
39531
39560
39561
39564
39565
39566
39567
39568
39611
39614
39616
39653
39655
3966
39832
40112
40118
40132
40142
40143
40144
40145
40146
40147
40148
40149
40150
40151
40152
40153
40154
40155
40156
40157
402
40202
40240
40251
40255
4028
403
4033
4034
4036
4037
40378
40379
404
406
4074
4075
4076
4077
4078
40894
40895
40956
41211
41317
41331
41332
41609
41628
41629
41630
41632
41633
41641
41680
41857
41923
42084
42086
42187
42191
4225
42291
42342
42378
42388
42409
42527
42528
42530
42551
42552
42553
42554
42556
42557
42558
42559
42561
42562
42563
42564
42565
4265
4266
4268
42701
4288
4291
42967
42975
42976
42991
43000
4304
43073
43089
43097
43098
43100
4311
4313
43262
43311
43317
43328
43373
43619
4382
43836
43839
4385
43916
4392
4396
43966
44037
44064
44104
44226
44244
44324
44345
44411
44412
44413
44417
44446
44457
44459
44550
44551
4457
4458
44666
44723
44806
44807
44837
44840
44841
44875
44877
44916
44936
44937
44948
44953
44981
44984
45013
45047
45052
45055
45059
45068
45071
45127
45163
45174
45197
45198
45199
45200
45208
45248
45249
45303
45305
45311
45313
45316
45318
45348
45354
45355
45385
45388
455
45520
45632
45664
45849
460
46032
46096
461
46114
46115
46159
46175
46196
46198
46199
462
46235
46249
46256
463
46314
46321
464
4640
46524
46539
46695
46697
46698
46699
46700
46701
46702
46703
46704
46743
46744
46745
46746
46747
46751
46769
46784
46786
46804
46830
46831
46833
46847
46863
46904
46917
46918
46919
46920
46935
46946
46947
46948
46949
46950
46951
46952
46984
46992
46993
4703
47040
47041
47042
47043
47044
47045
47047
47048
47049
47050
47051
47056
47057
47058
47059
47061
47076
47077
47078
47079
47080
47081
47084
47085
47086
47087
47106
47107
47225
47278
47289
47292
47297
47298
47299
47306
47307
47310
47312
47317
47323
47363
47376
47377
47379
47390
47395
47399
47445
47446
47488
47515
47549
47550
47609
47645
47652
47691
4770
47729
47799
47837
4790
47951
47952
47953
47955
47956
47957
47960
47997
47998
48020
48028
48048
48051
48055
48092
48095
4810
48135
48284
48285
48312
48343
48420
48430
48440
48442
48444
48447
48448
48450
48451
48452
4848
48483
48484
48485
48486
48488
48489
48493
48497
48547
48599
48655
48731
4876
48793
48866
48940
48944
48982
49152
49230
49255
49256
49262
49322
49532
49589
49590
49624
49625
4965
49677
49684
49727
49779
49782
49805
49816
49817
49913
49914
49924
49941
50077
50189
50225
50252
5029
50350
50365
50367
50431
50535
5054
5055
50557
50577
50598
506
50605
50606
50646
50648
507
50724
50764
508
50831
50841
50891
50927
5094
5095
5097
5098
5099
510
5101
5102
51020
51026
51027
51028
51059
5106
51060
5107
51094
51096
51131
51135
51166
51193
51199
51200
51201
51202
51203
51236
51237
51238
51239
51244
51245
51246
5125
51277
51278
51312
51314
51315
51345
51346
51347
51348
51374
51384
51385
51388
51389
51420
51421
51422
51423
51427
51430
5144
51456
51457
51462
51466
51484
51487
51493
51495
51497
5150
51529
51531
51565
51572
51574
51576
51577
51578
51617
51619
51623
51647
51650
51651
51652
51713
51714
51715
51716
51718
51726
51746
51747
5175
51752
5176
5177
5178
51785
51786
51787
51821
51822
51823
51824
51825
51840
51855
51856
51858
51893
51916
51932
51933
51934
51965
51968
51969
51970
51982
51985
52006
52043
52081
52082
52115
52116
52118
52149
52152
52153
52161
52182
52183
52184
52185
52186
52197
52212
52220
52221
52224
52258
52259
52296
52334
52339
5236
52379
52380
52381
52383
52384
52385
52420
52421
52457
52460
52463
52495
52499
52537
52566
52567
52573
52592
52596
52610
52613
52645
52648
5265
52650
52651
52653
5266
52682
52686
52687
52690
52723
52763
52798
52800
52803
5282
52837
5284
52841
52843
5285
52856
5286
52868
5287
52879
5288
52880
52883
52887
5289
5290
52906
52916
52921
52924
52927
52950
52952
52954
52966
52967
52968
52975
52977
52982
52984
53014
53018
53051
53052
53054
53089
53164
5320
53233
53235
53236
53237
53239
53240
53255
53304
53305
53312
53313
53322
53323
53324
53326
53358
5337
5338
5339
53391
53393
5340
5341
53430
53438
5344
5346
53460
53494
53495
53496
53497
53529
53531
53538
5357
53574
5358
5359
53593
53595
53596
53598
53605
53635
53644
53645
53646
53660
53671
53672
53710
53711
53742
53756
53757
53758
53764
53795
53796
53797
53798
53799
53800
53801
53802
53837
53842
53843
53878
53879
53880
53881
53893
53921
53924
53926
53949
53950
53960
53994
53995
53998
54000
54038
54075
54124
54182
54183
54215
54282
54318
54319
54376
54378
54385
54394
54396
54406
54443
54444
54515
54583
54584
54617
54618
5462
54720
5473
54750
5476
54788
54950
54951
54955
5499
55146
55149
55160
55226
55308
55365
5541
5542
55427
5543
55435
5544
55446
55452
55453
55458
55477
555
55538
55539
55575
55594
55595
55608
55634
55667
55695
55696
55698
5575
55807
5581
5584
55867
55881
55883
55988
55992
55997
56023
56082
56086
56101
56102
56115
56125
56166
56168
56185
56234
56235
56242
563
56304
56305
564
56410
56440
5648
56552
56671
56681
56687
56690
56695
56699
56700
56701
56702
56703
56704
56706
56707
56710
56711
56712
56713
56714
56716
56717
56718
56719
56720
56721
56722
56723
56724
56725
56726
56727
56728
56729
56730
56731
56732
56733
56734
56737
56738
56739
56740
56742
56743
56744
56749
56751
56752
56753
56754
56755
56756
56758
56759
56760
56761
56762
56763
56764
56765
56766
56767
56768
56769
56770
56771
56777
56779
56780
56781
56782
56794
56800
56801
56802
56806
56807
56809
56813
56814
56815
56825
56826
56827
56828
56829
56833
56836
56837
56838
56839
56840
56842
56844
56845
56846
56849
56851
56852
56854
56855
56856
56857
56858
56859
56860
56861
56862
56863
56864
56865
56866
56867
56868
56869
56870
56871
56872
56873
56875
56876
56877
56878
56879
56880
56881
56882
56883
56884
56885
56886
56887
56888
56889
56890
56891
56892
56893
56976
56987
5699
56996
5701
57138
57140
57141
57165
57237
57260
57346
57354
57355
57356
57357
57358
57359
57360
57363
57364
57365
57370
57371
57373
57374
57377
57378
57380
57381
57383
57387
57406
57419
57420
57422
57423
57424
57425
57426
57427
57428
57429
57430
57431
57432
5745
57569
57574
57578
57581
57582
57588
57599
57605
57611
57614
57615
57619
57621
5767
5770
5771
57714
5772
5773
57754
57774
57775
57844
57846
57849
5790
58007
58011
58012
58014
58015
58017
58018
58019
58021
58022
58023
58024
58025
58043
58044
58045
58046
58047
58048
58049
58056
58057
58059
58062
58063
58066
58067
58068
58069
58070
58071
58073
58075
58079
58111
58120
58121
58178
58180
58185
582
58255
58261
58275
583
58334
58374
58390
58401
58403
58407
58409
58418
58427
58429
58431
58476
58486
58492
585
58555
58594
58597
586
58619
58639
58672
58743
58860
58868
589
58936
58950
590
59015
59080
59091
59097
59098
59099
59100
59101
59102
59103
59134
59171
59191
59199
59200
59204
59205
59206
59207
59208
59209
59211
59212
59213
59215
59217
59220
59222
59227
59228
59230
59233
59238
59239
59240
59241
59242
59243
59245
59248
59251
59255
59258
59259
59261
59265
59272
59274
59276
59283
59284
59366
59367
5944
59547
59548
59598
59600
59601
59602
59603
59604
59605
59646
59647
59648
59649
59651
59701
59702
59793
59873
59874
59875
59877
59878
59881
59899
59900
59928
59946
59947
60192
60291
60292
60321
60324
60376
60377
60565
60971
60989
60991
61054
61065
61067
61070
61078
61089
61094
61102
61107
61109
61110
61159
61171
61172
61282
61283
61284
61388
61401
61402
61403
61488
61499
61757
61758
61824
61898
61950
62160
62185
62207
62209
62210
62212
62239
62351
62528
62540
62750
62751
62857
62859
62860
62861
62862
62863
62873
62942
62947
62948
62949
62951
62952
62959
63147
63184
63220
63360
63444
63509
63558
63559
63565
63650
63651
63652
63664
63665
63666
6367
63691
63757
6402
64197
6424
64268
64280
64399
64400
64402
64419
64427
64610
64634
6473
64936
64947
65192
65218
65228
65332
65360
65599
65746
65853
6586
66081
66182
662
66339
66498
66549
66552
66553
66575
66605
66668
66670
66678
66682
66691
66734
66735
66736
66790
66791
66792
66793
66794
66795
66848
67086
6746
67654
67655
67841
67970
68212
68321
68452
68470
68471
68472
68513
68514
68515
68522
68572
68573
68574
68575
68597
68600
68618
68620
68621
68622
68627
68628
68629
68630
68631
68632
68654
6883
69061
69077
69081
69174
69206
69224
6930
6952
69523
69590
69591
69592
69593
69594
6962
6963
6964
6965
6967
6968
69680
6969
6970
69714
69715
69716
69744
69745
69746
69747
6978
6979
6980
69822
69823
69824
69825
6983
69847
6988
69895
6990
69907
6991
69975
70056
70164
70207
70248
70457
70502
70503
70504
70561
70562
70594
7063
70869
71022
71023
7105
71081
71082
71083
71084
71139
71157
71167
71176
71272
71341
71392
71393
71423
71424
71433
71434
71504
71565
71599
71600
71601
71604
71605
71606
71625
71628
71669
71685
71689
71722
71751
71755
71822
71831
71832
71888
71889
72015
72017
72044
72045
7207
72099
72191
72192
72194
72195
72196
72280
72282
72298
72326
72330
72342
72460
72543
72563
72646
72650
72694
72695
72696
72697
72756
72779
72788
72791
72792
72796
72798
72799
72836
72837
72838
72839
72843
72844
72872
72878
729
72956
72966
73022
73071
731
732
73276
73279
733
73304
7335
73447
73488
735
7366
73683
73684
73734
73735
73740
73742
73771
73772
738
73801
73833
73866
73867
7397
73985
7402
74052
74056
74073
74099
74100
74129
74130
74131
74132
74133
74134
74135
74136
74228
74229
74280
74545
74554
74555
74557
74558
74721
74722
74890
74893
74924
74941
74942
74982
74986
75004
75005
7501
75082
75116
75118
75191
75192
75229
75259
75326
75354
75359
75360
75361
75412
75415
75443
75447
75450
75452
75453
75473
75479
75483
75503
75514
75521
75522
75534
75570
75871
75913
75930
76109
76142
762
7621
76256
7628
7629
76293
7630
7632
7633
7634
76344
76363
76368
76369
76370
76372
76394
76401
76406
76643
76648
76651
76660
76670
76671
76672
76674
76675
76684
76720
76839
76941
76967
76971
76980
77050
77087
77157
77159
7721
77230
77241
77250
77276
77285
77295
77296
7731
77323
7734
77359
7736
77374
77375
77389
77395
77406
77407
77410
77411
77412
77413
77414
77415
77416
77417
77418
77419
77422
77434
77501
77533
77552
77626
77648
77699
77749
77778
77787
77788
77807
77823
77904
77961
77978
78003
78009
78011
78020
78022
78048
78071
78085
78086
78092
78094
78106
78193
78222
78245
78246
78250
78255
78256
78258
78285
78355
78359
78400
78403
78679
78716
78743
78751
78763
78764
78769
78772
78787
78797
78812
78836
78846
78857
78863
78873
78892
78897
78997
79045
79047
79048
79059
79060
79071
79077
79084
79090
79104
79127
79137
79139
79150
79156
79166
79191
79194
79213
79221
79224
79287
79346
79379
79384
79388
79390
79407
79418
79429
79431
79433
79436
79437
79439
79486
79523
79538
79539
79582
79586
79588
79589
79590
79591
79592
79597
79600
79641
79663
79711
79762
79782
7979
79798
7980
79801
79823
79828
79931
80062
8007
8008
80082
8009
8010
8011
8014
80147
8015
80171
80199
8024
8025
80259
8026
8027
8029
8031
80340
80341
80361
80447
80457
80458
8066
8067
8068
8069
8071
8075
8077
80779
80882
80948
80962
81088
8109
8110
8111
8119
81211
81245
81253
81255
81257
81258
81261
81268
81269
81299
81327
81339
81408
81439
81536
81548
81807
81838
81847
81879
81968
81976
82009
82045
82069
82145
82258
82268
82271
82272
82273
82274
82276
82277
82278
82283
82289
82295
82296
82300
82301
82302
82303
82304
82305
82306
82307
82308
82311
82312
82323
82325
82329
82334
82335
82342
82344
82345
82347
82348
82349
82352
82358
82359
82362
82363
82364
82366
82367
82378
82379
82380
82381
82383
82384
82386
82388
82389
82390
82392
82398
82399
82400
82403
82415
82418
82420
82426
82429
82440
82441
82443
82444
82445
82446
82448
82449
82460
82463
82468
82469
8247
82470
82471
82474
82476
82479
8248
82480
82482
82483
82484
82485
8249
82491
82492
82497
82498
82499
8250
82502
82503
82506
82507
82511
82514
82520
82525
82527
82529
82532
82533
82539
82540
82541
82542
82544
82545
82547
82551
82552
82553
82556
82557
82562
82563
82564
82566
82569
82571
82573
82578
82579
82580
82581
82582
82583
82585
82587
82591
82595
82598
82599
82600
82601
82602
82603
82604
82607
82608
82609
82610
82611
82613
82614
82615
82616
82617
82618
82619
82621
82622
82623
82625
82628
82629
82630
82632
82634
82635
82638
82640
82644
82647
82648
82655
82656
82664
82665
82666
82667
82668
82669
82670
82672
82674
82675
82676
82685
82687
82688
82691
82692
82693
82694
82699
82702
82704
82705
82708
82709
82713
82714
82715
82719
82723
82726
82727
82728
82729
82731
82733
82734
82735
82736
82737
82738
82740
82749
82750
82751
82752
82757
82761
82762
82763
82764
82774
82776
82778
82783
82786
82789
82790
82797
82804
82805
82806
82807
82808
82809
82810
82811
82814
82815
82821
82822
82823
82824
82826
82827
82829
82830
82832
82833
82836
82839
82841
82842
82844
82845
82847
82848
82849
82850
82854
82855
82856
82858
82860
82861
82862
82872
82873
82874
82875
82876
82878
82888
82891
82892
82896
82901
82902
82903
82904
82907
82908
82913
82915
82916
82921
82922
82929
82933
82934
82940
82943
82946
82947
82948
82950
82951
82954
82962
82964
82965
82966
82974
82981
82998
83001
83003
83007
83014
83018
83023
83024
83031
83034
83038
83043
83051
83060
83062
83082
83087
83088
83089
83096
83100
83101
83102
83105
83113
83118
83119
83121
83122
83129
83157
83158
83159
83160
83166
83168
83169
83170
83173
83174
83176
83177
83178
83180
83181
83182
83185
83188
83189
83191
83192
83193
83200
83201
83202
83203
83204
83205
83209
83211
83213
83214
8359
8362
85058
85059
85061
85066
85074
85075
85078
85079
85080
85081
85082
85083
85086
85088
85091
85093
85098
85099
85100
8511
85110
85111
85112
85118
8512
85120
85123
85124
85125
85127
85128
85129
8513
85130
85131
85132
85133
85134
85135
85136
85138
85139
85140
85142
85143
85144
85145
85146
85147
85148
85149
8515
85150
85152
85154
85155
85157
85158
85159
8516
85161
85162
85164
85166
85167
85168
85169
8517
85171
85175
85179
85180
85181
85182
85184
85185
85186
85188
85189
85190
85192
85193
85194
85196
8520
85204
85209
8521
85211
85212
85213
85214
85215
85216
85217
85218
8522
85220
85221
85223
85224
85225
85226
85228
85229
8523
85230
85231
85232
85233
85234
85235
85236
85238
85241
85242
85243
85244
85245
85246
85248
85249
85250
85252
85253
85254
85255
85256
85258
85261
85262
85263
85264
85265
85266
85267
85271
85272
85273
85275
85277
85278
85279
85280
85281
85282
85283
85285
85287
85288
85290
85292
85294
85295
85298
85299
85302
85304
85305
85306
85307
85309
85311
85312
85313
85316
85318
85319
85324
85325
85327
85330
85333
85335
85336
85337
85338
85339
85340
85342
85343
85344
85345
85346
85347
85348
85349
85350
85351
85352
85353
85354
85356
85357
85359
8536
85362
85363
85364
85365
85366
85367
85368
85369
8537
85370
85371
85372
85375
85377
85379
85386
85387
85390
85391
85393
85394
85395
85396
85397
85419
85420
85446
85448
85449
85450
85451
85452
85453
85454
85535
85536
8557
8559
8560
85646
85647
85648
8565
85662
85663
85667
85669
85675
85684
85699
857
85701
85706
85708
85712
85713
85730
85733
85735
85736
85740
85741
85747
85749
85754
85761
85766
85767
85770
85778
85782
85790
858
85804
85806
85807
85808
85810
85811
85825
85826
85827
85833
85842
85843
85846
85849
85852
85853
85857
85863
85864
85865
85868
85871
85873
85874
85877
85879
85885
85888
85889
85891
85895
85899
85904
85905
85908
85912
85913
85917
8592
85920
85924
85928
85929
85931
85943
85945
85947
85950
85957
85958
85966
85967
85984
85987
85988
85997
860
86001
86005
86006
86008
86013
86014
86015
86021
86024
86031
86032
86034
86049
86052
86053
86056
86057
86059
86067
86069
86070
86073
86074
86078
86084
86085
86086
86087
86089
86090
86093
86095
86097
86098
861
86101
86108
86111
86116
86120
86121
86122
86124
86127
86128
86129
86130
86132
86133
86142
86148
86149
86153
86156
86157
86163
86171
86172
86175
86181
86182
86183
86192
86194
86195
86196
86197
86198
86199
862
86200
86201
86202
86204
86205
86206
86207
86208
86216
86218
86220
86221
86222
86223
86224
86225
86227
86231
86233
86234
86244
86248
86249
8625
86250
86252
86259
8626
86260
86262
86265
8627
86273
86277
86278
86280
86281
86282
86284
86285
86286
86299
86302
86303
86305
86307
86308
86309
86311
8632
86320
86324
86326
8633
86330
86332
86334
86335
86337
86339
86340
86341
86342
86343
86345
86347
86348
86349
86350
86351
86355
86356
86359
8636
86360
86361
86366
86378
86384
86386
86391
86392
86396
86399
86400
86401
86402
86403
86404
86409
86412
86418
86426
86428
86430
86433
86434
86436
86438
86439
86440
86441
86450
86453
86454
86455
86460
86461
86468
86470
86477
86479
86480
86482
86491
86494
86495
86496
86499
86501
86504
86505
86507
86508
86509
86511
86513
86514
86516
86517
86518
86525
86526
86528
86529
86530
86531
86532
86536
86537
86538
86539
86540
86541
86547
86551
86553
86554
86563
86564
86572
86573
86577
86581
86584
86592
86594
86596
86598
86600
86604
86606
86615
86617
86621
86627
86634
86635
86636
86638
86643
86644
86650
86659
86665
86677
86678
86679
86680
86682
86684
86685
86686
86688
86693
86694
86697
86698
86699
86700
86703
86704
86706
86707
86708
86710
86711
86717
86720
86721
86724
86726
86728
86733
86734
86737
86739
86742
86743
86749
86751
86754
86755
86761
86762
86764
86765
86771
86774
86777
86782
86783
86784
86785
86786
86801
86803
86804
86806
86807
86808
86809
86810
86811
86812
86813
86814
86815
86816
86818
86819
86823
86824
86826
86830
86832
86833
86834
86838
86853
86854
86856
86858
86859
86863
86864
86865
86868
86869
86870
86871
86872
86879
86881
86882
86884
86885
86886
86889
86893
86895
86898
86899
86909
86911
86913
86914
86915
86924
86927
86928
86929
86930
86931
86932
86933
86934
86935
86936
86939
86941
86942
86945
86957
86958
86960
86963
86966
86967
86968
86970
86971
86972
86973
86974
86975
86976
86977
86978
86979
86980
86981
86983
86984
86994
86995
86996
86998
86999
87000
87003
87004
87005
87008
87010
87011
87014
87015
87028
87034
87036
87038
87039
87043
87048
87052
87053
87055
87056
87057
87059
87060
87061
87062
87066
87067
87068
87071
87076
87101
87102
87105
87108
87109
87112
87116
87118
87122
87125
87128
87131
87135
87137
87138
87141
87142
87145
87146
87149
87150
87151
87153
87154
87157
87170
87171
87172
87173
87174
87175
87176
87178
87180
87181
87182
87183
87184
87185
87186
87187
87188
87189
87190
87191
87201
87202
87205
87210
87212
87214
87215
87217
87218
87219
87221
87222
87223
87224
87225
87226
87227
87228
87229
87230
87231
87232
87233
87234
87235
87237
87243
87244
87247
87249
87258
87261
87265
87266
87270
87271
87273
87274
87275
87280
87281
87282
87284
87295
87298
87299
87300
87301
87304
87307
87308
87311
87313
87314
87317
87320
87322
87323
87328
87329
87331
87332
87333
87335
87337
87340
87341
87345
87346
87348
87349
87350
87351
87353
87355
87356
87360
87361
87362
87365
87366
87367
87369
87370
87371
87372
87373
87374
87375
87376
87377
87378
87379
87380
87381
87383
87385
87386
87387
87388
87397
87400
87402
87404
87405
87407
87410
87411
87413
87415
87417
87418
87419
87420
87421
87422
87423
87424
87425
87427
87430
87431
87433
87434
87435
87448
87456
87462
87468
87469
87470
87471
87472
87473
87474
87475
87476
87484
87487
87488
87491
87496
87506
87511
87520
87521
87522
87524
87530
87531
87533
87535
87537
87539
87546
87548
87549
87550
87552
87553
87554
87556
87558
87559
87560
87561
87562
87563
87567
87568
87569
87570
87571
87575
87578
87579
87580
87581
87582
87583
87585
87588
87594
87595
87596
87597
87599
87600
87601
87603
87604
87606
87607
87608
87611
87612
87617
87619
87633
87634
87636
87640
87642
87643
87644
87645
87652
87653
87654
87655
87656
87657
87658
87659
87661
87665
87666
87667
87668
87669
87670
87673
87674
87675
87676
87677
87678
87681
87683
87684
87686
87687
87689
87690
87691
87692
87693
87696
87697
87698
87699
87700
87701
87702
87703
87704
87705
87706
87707
87708
87710
87711
87712
87713
87714
87717
87725
87726
87727
87728
87729
87730
87731
87732
87733
87734
87735
87736
87737
87738
87739
87740
87741
87742
87743
87744
87745
87746
87747
87748
87750
87751
87753
87754
87755
87758
87759
87762
87764
87766
87767
87770
87771
87778
87779
87780
87782
87783
87784
87785
87786
87787
87788
87789
87792
87798
87799
87800
87801
87806
87812
87816
87819
87820
87822
87824
87825
87831
87834
87836
87837
87838
87842
87846
87851
87852
87854
87860
87869
87871
87872
87875
87877
87879
87882
87883
87884
87887
87889
87896
87897
87898
87899
87902
87909
87910
87913
87915
87919
87927
87928
87929
87930
87931
87932
87933
87935
87936
87942
87943
87944
87945
87946
87947
87948
87949
87950
87953
87954
87956
87959
87960
87961
87962
87964
87966
87968
87969
87970
87971
87972
87973
87974
87976
87977
87978
87979
87980
87981
87982
87983
87984
87985
87986
87987
87988
87989
87990
87994
87995
87996
87997
87999
88001
88002
88005
88007
88008
88009
88011
88013
88015
88017
88018
88019
88020
88022
88023
88024
88025
88027
88030
88035
88040
88042
88043
88044
88046
88052
88053
88055
88056
88059
88060
88064
88065
88066
88073
88075
88081
88085
88089
88090
88091
88093
88095
88096
88105
88108
88111
88114
88116
88117
88120
88129
88130
88138
88139
88141
88144
88145
88148
88149
88153
88155
88158
88160
88161
88164
88166
88168
88169
88170
88174
88175
88179
88182
88183
88184
88185
88192
88193
88194
88195
88197
88198
88199
88200
88202
88203
88204
88205
88206
88207
88208
88209
88210
88212
88213
88226
88228
88233
88240
88242
88245
88248
88251
88252
88253
88262
88263
88264
88265
88266
88268
88270
88274
88276
88278
88279
88286
88297
88308
88313
88314
88318
88324
88326
88329
88337
88347
88349
88350
88351
88352
88353
88354
88355
88357
88358
88360
88363
88364
88367
88369
88370
88374
88378
88380
88381
88383
88384
88386
88387
88388
88392
88394
88395
88396
88407
88408
88409
88410
88418
88427
88428
88429
88430
88431
88432
88433
88434
88435
88436
88439
88440
88441
88442
88443
88444
88445
88446
88447
88448
88449
88450
88451
88452
88453
88454
88455
88456
88457
88459
88462
88468
88469
88470
88472
88474
88479
88484
88487
88488
88489
88490
88491
88495
88496
88498
88501
88505
88507
88508
88509
88510
88512
88514
88517
88519
88520
88521
88523
88524
88525
88526
88529
88530
88532
88533
88534
88535
88536
88543
88545
88546
88547
88548
88549
88551
88552
88553
88555
88557
88558
88559
88560
88565
88567
88570
88571
88572
88573
88574
88575
88577
88578
88585
88586
88587
88589
88591
88593
88594
88595
88596
88597
88598
88599
88600
88601
88606
88607
88616
88618
88619
88621
88622
88623
88625
88626
88631
88649
88650
88651
88652
88653
88655
88656
88659
88660
88661
88662
88667
88668
88669
88683
88698
88699
88700
88701
88702
88703
88704
88705
88706
88707
88709
88712
88714
88715
88716
88721
88722
88728
88729
88733
88737
88738
88739
88741
88750
88751
88752
88754
88755
88758
88759
88761
88766
88768
88769
88770
88771
88772
88773
88775
88777
88778
88780
88783
88784
88785
88786
88787
88788
88791
88804
88805
88806
88809
88810
88815
88817
88824
88825
88826
88827
88828
88830
88831
88832
88833
88834
88836
88842
88846
88847
88848
88849
88850
88852
88855
88868
88869
88871
88873
88874
88875
88878
88884
88887
88888
88889
88892
88893
88895
88896
88897
88898
88900
88901
88902
88905
88906
88907
88908
88909
88910
88911
88915
88916
88919
88920
88921
88922
88924
88927
88928
88929
88932
88934
88935
88937
88940
88952
88959
88962
88963
88971
88972
88974
88981
88982
88984
88985
88986
88988
88989
88991
88993
88996
88997
88998
88999
89000
89001
89002
89003
89010
89011
89012
89015
89017
89020
89022
89024
89034
89039
89044
89049
89055
89058
89059
89060
89067
89068
89073
89074
89078
89084
89086
89090
89092
89093
89096
89097
89102
89103
89104
89105
89108
89109
89110
89111
89113
89116
89117
89120
89122
89123
89124
89128
89129
89134
89141
89142
89143
89145
89149
89150
89159
89160
89161
89162
89164
89165
89166
89167
89169
89172
89173
89174
89175
89176
89178
89179
8918
89180
89181
89182
89183
89184
8919
89197
89206
89210
89211
89212
89213
89214
89215
89216
89217
89220
89222
89224
89225
89226
89227
89230
89231
89232
89235
89236
89237
89238
89240
89241
89247
89248
89255
89262
89264
89267
89268
89271
89278
89283
89287
89291
89292
89293
89294
89296
89300
89301
89302
89311
89316
89333
89336
89340
89341
89342
89345
89347
89348
89349
89350
89352
89353
89354
89355
89356
89358
89359
89360
89361
89362
89363
89364
89365
89367
89368
89369
89370
89371
89372
89374
89378
89386
8939
89395
89396
89397
89398
89399
8940
89402
89403
89404
89405
89406
89407
89408
89409
8941
89410
89411
89412
89413
89414
89415
89418
89422
89423
89430
89432
89435
89438
89439
89440
89444
89445
89453
89457
89458
89459
89460
89461
89462
89463
89464
89465
89467
89472
89475
89476
89477
89478
89479
89484
89485
89491
89492
89493
89495
89497
89499
89500
89501
89504
89505
89508
89509
89510
89511
89513
89517
89520
89522
89530
89531
89532
89533
89534
89536
89537
89538
89541
89551
89558
89560
89561
89564
89565
89567
89568
89570
89571
89574
89576
89586
89591
89594
89597
89599
89600
89601
89602
89603
89604
89607
89608
89610
89611
89612
89613
89614
89615
89616
89617
89619
89621
89624
89627
89630
89631
89632
89633
89634
89635
89637
89638
89639
89642
89643
89644
89648
89649
89657
89658
89661
89663
89666
89667
89668
89671
89672
89674
89675
89678
89681
89682
89683
89684
89685
89686
89688
89690
89691
89693
89694
89695
89697
89710
89711
89714
89715
89717
89723
89724
89725
89726
89727
89728
89730
89731
89733
89734
89738
89747
89750
89751
89752
89753
89756
89757
89763
89766
89767
89769
89770
89771
89773
89775
89776
89777
89778
89779
89780
89781
89782
89788
89790
89793
89794
89795
89797
89799
89800
89801
89803
89804
89806
89807
89808
89810
89811
89812
89814
89815
89817
89821
89823
89825
89826
89828
89829
89835
89836
89837
89838
89839
89840
89841
89842
89844
89845
89846
89854
89855
89857
89858
89859
89860
89861
89862
89863
89864
89865
89866
89867
89868
89870
89871
89872
89873
89875
89880
89882
89884
89886
89888
89891
89892
89893
89895
89896
89899
89900
89901
89902
89903
89904
89914
89915
89916
89917
89918
89919
89920
89922
89924
89925
89927
89928
89933
89935
89936
89942
89945
89962
89963
89964
89966
89967
89968
89969
89972
89974
89979
89982
89984
89985
89986
89989
89991
89992
89993
89994
89995
89996
89999
90006
90009
90010
90011
90012
90013
90014
90015
90017
90018
90019
90022
90023
90024
90025
90026
90029
90031
90034
90035
90037
90038
90040
90041
90044
90046
90054
90055
90056
90058
90059
90060
90061
90062
90064
90065
90067
90068
90069
90073
90074
90077
90078
90081
90083
90084
90085
90090
90091
90094
90095
90096
90102
90103
90111
90112
90118
90119
90122
90126
90127
90129
90131
90132
90140
90141
90142
90143
90146
90147
90148
90149
90150
90152
90157
90158
90161
90165
90169
90178
90182
90185
90189
90190
90193
90194
90197
90200
90203
90204
90205
90206
90208
90209
90211
90215
90216
90218
90220
90224
90226
90227
90234
90238
90242
90250
90254
90256
90257
90260
90261
90262
90265
90266
90267
90268
90274
90276
90278
90279
90280
90283
90285
90288
90290
90295
90296
90299
90300
90301
90302
90303
90304
90308
90311
90314
90315
90316
90321
90322
90324
90326
90327
90328
90329
90330
90332
90333
90334
90335
90336
90339
90340
90341
90342
90343
90344
90346
90348
90349
90350
90351
90352
90356
90359
90362
90364
90365
90366
90367
90368
90371
90372
90374
90376
90378
90383
90384
90386
90390
90391
90392
90394
90395
90396
90397
90398
90399
90400
90401
90404
90405
90407
90413
90414
90416
90417
90418
90420
90422
90428
90429
90431
90433
90434
90435
90436
90440
90443
90445
90460
90465
90466
90468
90469
90472
90476
90480
90482
90484
90486
90489
90497
90498
90499
90500
90501
90502
90503
90504
90506
90507
90509
9051
90513
90515
90516
90517
9052
90522
90523
90527
90528
90529
9053
90531
90532
90533
90534
90536
90538
9054
90543
90544
90545
90546
90547
90548
90549
9055
90550
9056
90561
90563
90565
90566
90567
90570
90574
90575
90576
90577
90578
90579
90586
90589
90597
90601
90602
90603
90608
90610
90612
90613
90614
90616
90617
90625
90626
90627
90629
9063
90630
90639
9064
90643
90649
9065
90651
90663
90668
90670
90684
90693
90694
90697
90698
90700
90701
90705
90706
90709
90710
90712
90716
90719
90720
90723
90724
90725
90726
90727
90729
90730
90731
90732
90733
90735
90736
90737
90738
90739
90742
90743
90744
90745
90747
90749
90751
90759
90762
90763
90764
90765
90766
90767
90769
90771
90772
90773
90774
90776
90777
90779
90780
90794
90795
90796
90799
90800
90811
90812
90813
90814
90818
90820
90821
90829
90834
90839
90840
90842
90843
90844
90845
90847
90849
90850
90853
90854
90855
90856
90857
90859
90860
90861
90862
90864
90866
90867
90869
90870
90871
90872
90873
90874
90875
90876
90877
90882
90887
90890
90896
90897
90898
90900
90902
90904
90918
90919
90920
90921
90922
90923
90924
90925
90927
90929
90930
90931
90932
90933
90936
90937
90940
90941
90942
90944
90947
90948
90951
90952
90954
90955
90956
90957
90958
90959
90960
90969
90971
90972
90973
90975
90976
90977
90978
90985
90989
90993
91007
91011
91012
91013
91014
91015
91017
91018
91019
91020
91021
91023
91029
91035
91038
91039
91040
91045
91046
91047
91048
91050
91052
91054
91056
91057
91059
91061
91062
91063
91064
91065
91067
91077
91079
91080
91081
91082
91084
91087
91088
91089
91092
91095
91099
9110
91100
91101
91102
91103
91104
91105
91106
91107
91108
91109
91111
91113
91118
91121
91122
91123
91124
91127
91128
91130
91134
91135
91136
91137
91139
91143
91145
91146
91156
91157
91166
91167
91171
91172
91177
91179
91181
91183
91189
91191
91193
91194
91195
91197
91198
91213
91222
91223
91224
91225
91227
91232
91240
91243
91244
91246
91248
91253
91254
91255
91256
91257
91258
91259
91260
91261
91262
91263
91265
91266
91273
91274
91276
91277
91281
91285
91293
91294
91296
91297
91298
91300
91301
91302
91303
91305
91306
91307
91308
91309
9131
91316
91318
91319
91321
91323
91325
91326
91327
91330
91331
91332
91333
91336
91338
91339
91341
91342
91346
91347
91349
91350
91351
91357
91358
91360
91362
91366
91367
91368
91369
91370
91371
91372
91373
91374
91375
91376
91377
91378
91379
91380
91381
91382
91383
91385
91387
91388
91391
91392
91401
91437
91441
91444
91445
91446
91448
91449
91450
91451
91454
91456
91460
91462
91464
91485
91493
91496
91536
91537
91538
91541
91542
91544
91545
91546
91547
91548
91551
91556
91559
91563
91566
91567
91568
91584
91618
91629
91634
91636
91637
91638
91644
91653
91655
91656
91657
91670
91677
91678
91683
91685
91686
91705
91718
91719
9172
91720
91721
91722
91723
91742
91744
91745
91747
91752
91753
91755
91756
91758
91760
91767
91769
91770
91771
91772
91780
91782
91784
91786
91787
91789
91790
91791
91792
91793
91798
91806
91807
91810
91811
91812
91815
91817
91818
91819
91820
91821
91822
91823
91825
91836
91838
91842
91843
91845
91848
91851
91852
91855
91857
91859
91860
91863
91865
91867
91868
91869
91870
91871
91872
91875
91876
91877
91879
91880
91881
91884
91898
91899
91901
91913
91914
91915
91916
91917
91918
91919
91920
91921
91922
91923
91925
91928
91930
91931
91938
91947
91949
91950
91951
91952
91954
91955
91956
91957
91959
91961
91962
91963
91964
91965
91966
91967
91968
91969
91970
91972
91974
91975
91977
91978
91979
91980
91982
91983
91984
91985
91988
91992
91993
91997
91998
91999
92012
92015
92024
92025
92026
92029
92030
92032
92033
92035
92037
92038
92039
92040
92041
92042
92043
92044
92045
92046
92047
92048
92049
92050
92055
92056
92057
92059
92061
92062
92063
92064
92066
92067
92068
92075
92081
92082
92083
92087
92089
92091
92092
92093
92094
92095
92096
92099
92100
92101
92102
92104
92105
92106
92107
92108
92109
92110
92111
92112
92114
92115
92116
92118
92120
92121
92122
92123
92124
92127
92132
92135
92136
92138
92139
92140
92144
92150
92152
92153
92158
92160
92163
92165
92166
92171
92174
92175
92177
92180
92183
92184
92203
92204
92205
92213
92215
92222
92223
92224
92225
92226
92227
92228
92230
92232
92233
92234
92235
92238
92239
92240
92241
92242
92243
92244
92245
92246
92249
92253
92256
92272
92273
92281
92282
92283
92286
92287
92288
92290
92295
92296
92299
92305
92306
92314
92318
92319
92320
92321
92324
92332
92333
92334
92335
92336
92337
92338
92341
92342
92344
92345
92346
92348
92350
92352
92355
92360
92361
92362
92363
92364
92366
92367
92369
92370
92372
92374
92376
92377
92380
92382
92385
92387
92388
92390
92397
92398
92399
92400
92401
92404
92407
92408
92409
92410
92415
92416
92417
92418
92419
92420
92423
92425
92426
92427
9243
92435
92436
92438
92439
9244
92440
92441
92444
92445
92446
92449
9245
92450
92452
92453
92454
92455
92456
92457
9246
92461
92465
92466
9247
92477
92478
92479
92483
92484
92485
92487
92489
92490
92491
92492
92494
92495
92498
92500
92504
92508
92511
92512
92513
92514
92515
92516
92519
9252
92520
92521
92522
92530
92531
92532
92533
92534
92538
92539
92540
92541
92542
92546
92547
92548
92549
9255
92554
92555
92556
92560
92561
92562
92563
92566
92568
92571
92575
92578
92579
92580
92581
92582
92583
92584
92585
92586
92608
92611
92616
92617
92618
92619
92621
92625
92626
92627
92628
92629
92630
92631
92633
92634
92647
92662
92663
92668
92669
92671
92673
92674
92675
92676
92677
92678
92679
92681
92685
92689
92691
92693
92694
927
92709
92712
92714
92725
92730
92731
92732
92735
92736
92738
92742
92743
92745
92746
92747
92751
92753
92763
92765
92767
92768
92769
92770
92771
92772
92773
92776
92777
92778
92790
92793
92795
92796
92800
92805
92807
92808
92809
92810
92811
92812
92813
92814
92815
92816
92817
92818
92821
92822
92823
92828
92831
92834
92837
92848
92849
92851
92868
92924
92925
92926
92927
92928
92929
92932
92934
92937
92940
92951
92952
92954
92956
92959
92960
92961
92964
92970
92985
93019
93040
93065
93066
93067
93068
93076
93077
93079
93081
93082
93083
93092
93094
93103
93104
93107
93110
93112
93123
93124
93125
93126
93127
93129
93131
93135
932
933
934
935
936
937
9376
9377
9381
9382
9383
9384
9386
9389
939
9391
940
94449
9462
9496
9497
95276
95309
95312
95314
95322
95325
95327
95328
95329
95330
95331
95332
95333
95334
95335
95336
95337
95338
95340
95341
95342
95345
95349
95351
95354
95356
95358
95359
95363
95366
95367
95369
95370
95374
95375
95389
9569
9596
96519
9659
9660
9681
9684
9685
975
976
9767
977
978
979
980
9801
9802
9805
9806
9821
9823
98231
9825
9828
9830
9921
9922
9924
9925
9926
9930
