# In the Java Batik library, these images were opened correctly, but failed to render or process.
# Other libraries or programs might process these images fine and they are therefore included in the dataset.
1015
8552
1285
1172
481
996
997
390
2633
3301
2372
2806
2809
2811
2814
3460
4544
4356
4361
5504
4986
5398
7333
7334
8733
7802
7822
8398
8400
8887
9525
9527
10516
10430
10627
10858
10861
11083
11313
12763
12105
12840
12844
12952
12865
12871
14019
15290
16542
17008
17012
17013
17014
17847
17850
17897
17364
18140
18465
18206
18208
18211
18760
18767
18989
19200
20123
19805
20246
20408
21322
20980
21198
21199
21201
21202
21203
21530
21531
21533
21534
21535
22140
22550
22551
21986
21987
21988
21990
21991
22182
22630
22459
22072
22257
22465
22829
23885
23886
23887
23890
23891
23892
24645
24892
25149
24937
24980
25771
26451
26741
28373
28412
27978
27980
28763
29072
30078
30083
30336
30929
30411
31882
31885
31886
31887
31318
31322
31385
32593
32595
32880
32881
32883
32884
33747
33750
34098
35683
35491
36220
36382
36968
38253
38951
39318
40401
40473
40514
41027
41028
40933
41210
40969
40783
41254
41808
41278
41654
41655
41300
41664
41312
41321
41323
41507
41195
41350
41352
41556
41385
42437
42820
42798
42802
43388
43210
43414
43685
43573
44261
44268
44478
44479
43930
44491
43759
44502
44337
44673
43803
44682
44684
44547
43998
44000
44001
44361
44409
44415
44747
44624
44631
45101
45106
44945
45132
45271
45483
45484
45157
45158
44860
45711
45534
45539
45017
45730
45743
45747
45560
45350
45583
45785
45788
45966
45263
45603
45604
45393
45615
46107
45853
45675
46367
46209
47122
46976
47152
47153
46816
47052
47355
47218
46883
47560
47620
47797
47689
48052
47694
48592
48965
48977
48834
48837
48892
48893
49061
49460
49466
49467
49632
50015
49858
50609
50610
50285
50289
50478
50639
50491
50642
50814
50816
50817
50818
50647
50819
50820
50821
50323
50324
50822
50823
50326
50824
49938
50327
50825
50328
50827
50828
50829
50330
50331
50830
50142
50854
50855
50681
50856
50857
50859
50162
50860
50862
50863
50864
50865
50366
50867
50869
50172
50870
50871
50872
50874
50875
50876
50567
50395
50725
50744
50745
50747
50607
50608
50776
50783
50784
50785
50786
50787
50788
50789
50790
50791
50792
50793
50794
50795
50796
50797
50798
50799
50801
51320
51134
50993
51883
51886
51887
51888
51889
51357
52061
52062
51902
52073
51741
51378
51380
51381
51196
51404
51763
52108
51211
51212
51804
51806
51807
51808
51809
51810
51811
51812
51813
51814
52710
52020
51843
51844
51845
51847
51848
51849
51850
51851
51852
51854
52571
52572
52932
52814
52989
53297
53298
53505
53507
53508
53023
53532
53533
53534
53352
53535
53353
53536
53208
53381
53382
53383
53263
53413
53415
53416
53418
53754
53991
53449
53454
53455
53490
54055
54735
54256
54089
54091
54752
54768
54773
54780
54958
54971
55161
55163
55059
55062
55063
55065
55067
55076
54704
55444
55946
55799
55803
56396
56397
55697
56232
55891
56640
56286
56137
56146
56537
57382
57217
57806
57453
58629
58630
58631
58633
58223
58098
58447
58675
58676
58677
58678
58679
58680
58681
58682
58683
58684
58685
58686
58687
58279
58691
58282
58692
58693
58695
58696
58697
58698
58699
58473
58700
58701
58702
58703
58704
58706
58707
58708
58709
58710
58711
58712
58713
58714
58715
58717
58720
58722
58723
58724
58725
59041
58731
58854
58741
58745
58746
58748
58749
58866
58751
59071
59072
58363
59084
59250
59135
59136
59139
58623
58624
58625
58626
59849
59850
58988
59851
59852
59853
59854
59855
59858
59859
59860
59861
59862
59863
59864
59221
59412
59576

60284
59942
59797
59810
59811
59812
59813
60316
59814
59815
59816
59817
59818
59819
59820
59821
59822
59823
59624
60327
59824
59825
59826
59827
59828
59829
59830
59831
59832
59833
59834
59835
59836
59837
59839
59840
59841
59844
59846
60002
60863
60524
60607
60617
60953
61185
61536
61205
61663
62178
62561
62423
62052
62784
62446
62067
62238
62955
62972
63013
63578
63389
63393
62912
63262
62929
63774
63110
63295
63806
64195
64036
64051
64064
64065
64230
64259
64474
64492
65183
64548
64889
65105
65804
65958
66588
66801
66836
67221
66876
67226
66703
66312
66313
67084
66912
66740
66933
66934
66935
66936
67270
66979
67600
67437
67448
67651
67862
67524
68272
68274
67896
68095
68096
68098
68099
68100
68101
68102
67722
68313
67598
68372
68524
69041
68847
69262
69068
68877
68719
68569
68887
68889
68893
68595
68907
68940
69633
69624
69023
69883
70053
70054
70259
69892
69903
69921
69775
69803
69963
70143
70160
70205
71850
71854
71478
71479
71146
71745
71749
71180
71185
72063
71979
71801
71636
71835
71837
72672
72724
72370
72772
72587
72589
73305
73317
73318
73319
72826
73243
73708
74097
73567
74098
73947
73986
74477
74353
73835
74384
74400
74409
74879
74561
74562
74563
75101
74438
74908
74595
75296
75171
75172
75490
75494
75312
75340
75346
75347
74846
75372
75064
75921
75923
76135
76744
75824
76014
76237
76474
76475
76476
76078
77851
78666
79843
81828
84303
83776
83558
83835
84418
85092
86096
86805
88031
88894
88903
89035
89606
89295
90714
89746
92930
92258
95802
95803
96322
97385
97390
98394
99317
100375
100998
101329
101089
102778
101897
106386
108146
110965
111520
113131
113317
117820
117678
117691
119257
119865
123248
121384
122267
125349
125635
125766
132081
131540
132194
131630
134211
134021
135011
138366
139357
140452
140779
142898
143170
142652
145351
145959
146068
148174
148178
148253
151213
153389
153393
154338
154456
154738
156469
156525
156941
157943
158861
159570
159763
160899
161256
161489
163145
164374
165156
164703
166630
166645
166650
167955
168417
169711
171145
170339
171056
171933
171525
171822
173829
175604
176599
177815
178654
179841
180888
180129
150202
152492
15463
15465
155557
155780
156094
157442
158330
169642
170303
171182
179721
182374
182874
183335
183336
183337
183338
183339
184188
184799
184800
184801
184802
184803
184804
184805
184879
184880
184881
184882
184883
185120
185602
185897
185898
185899
185900
185901
186510
186652
186846
186847
186848
186849
186850
186851
186993
186994
186995
186996
186997
186998
186999
187000
187001
187002
187003
187004
187731
187732
187733
187739
187846
188030
188031
188032
188305
188316
188317
188318
188319
188320
188321
188465
188466
188676
188677
188678
189618
190534
191683
191831
191832
191935
191936
192421
192422
192423
192424
192425
192426
192715
192760
192761
192762
192763
192764
192765
192766
192767
192768
192769
192906
192907
192908
193240
193689
193976
194207
194208
194260
194674
194675
194676
194717
194759
194794
195443
195444
195445
195446
195447
195476
195808
195809
195810
195811
195894
196010
196034
196035
196036
196306
196310
196357
196358
196359
196360
196362
196389
196390
196897
196926
196927
196928
196929
196930
196931
196992
196993
196994
196995
197040
197041
197042
197043
197044
197045
197046
197047
197048
197049
197050
197051
197077
197171
197192
197746
197747
198114
198475
198641
198642
198643
198644
198645
198646
198741
199610
199611
199612
199613
199614
199615
199616
199617
199618
199619
199620
199621
200362
200594
200595
200596
200597
200598
200599
200606
200810
200890
2011
201312
201313
201314
201315
201316
201521
201837
202004
202005
202006
202007
202285
202761
203077
203078
203079
203080
203081
203082
203223
203421
203422
203423
203424
203425
203426
203542
203543
203544
204306
204562
204563
204564
204565
204566
204775
204777
204778
204817
204818
204819
204820
204821
204822
204823
204824
204825
204826
204963
205014
205015
205016
205017
205031
206389
206390
206391
206392
206393
207371
207485
207789
207790
207791
207792
207793
207794
207795
207796
207797
207798
207909
207910
207911
207912
207913
207914
207915
208034
208035
208036
208037
208038
208039
210352
210353
210354
210355
210983
210984
211230
211266
211267
211268
211269
211270
211271
211670
212004
212140
212141
21228
212842
212843
212844
212845
212846
212847
212848
212849
212850
214207
214208
214209
214210
214211
214212
214213
214214
214215
214216
214409
214410
214411
214438
214439
214440
214441
214442
214443
214444
214445
214782
214783
214784
214785
214786
214787
214930
214931
214932
214933
214934
214935
215437
215438
215439
215440
215796
215797
215798
215799
215800
215801
215802
215803
215804
215805
215907
216267
216368
216369
216370
216371
216372
216373
216374
216375
216376
216849
217021
217075
217076
217162
217445
217535
217573
217580
217654
217655
217656
217676
217677
217678
218223
218224
218225
218332
218333
218334
218335
218336
218337
218338
218339
218666
218810
219016
219017
219018
219019
219243
219600
219601
219602
219603
219604
219605
219606
219607
219608
219713
219746
219934
219935
219936
219937
219938
219939
219940
219941
219942
219943
219944
219945
219946
219947
219948
219949
219950
219951
220108
220109
220110
220111
220112
220113
220114
220115
220116
220117
220264
22076
220956
221193
221194
221195
221196
221350
222476
222477
222478
222479
222480
222481
222482
222483
222484
222485
222544
222545
222546
222547
222548
222549
222550
222551
222552
222553
222554
222555
222556
222557
222558
222559
222560
222561
222562
222563
222564
222565
222566
222567
222568
222772
222773
222774
222775
222776
222777
222778
222779
222780
222781
223485
223486
223535
223536
223537
223538
223539
223540
223541
223542
223543
223544
223727
224319
224724
224725
224726
224894
224895
225042
225593
225594
225679
225680
225681
225682
225683
225684
225685
225686
225687
225688
225689
225690
225963
226516
226634
226635
227339
227346
228379
228380
228381
228382
228383
228384
228385
228386
228387
228388
228389
228390
228391
228392
228393
228394
228395
228396
228397
228398
228557
228928
228929
228930
228931
228960
228961
228962
229468
229566
229567
229568
229678
229679
230014
230015
230016
230017
230018
230019
230020
230021
230022
230023
230024
230025
230026
230027
230028
230029
230030
230584
230679
230680
230681
230682
230683
230684
230685
230686
230687
231017
231018
231019
231020
231021
231022
231023
231024
231025
231026
231027
231028
231029
231170
231171
231172
231173
231174
231175
231436
231704
232160
232458
232459
232460
232461
232462
232463
232464
232465
232466
232467
232907
233083
233905
234768
234769
234770
234771
234772
234773
234774
234775
234776
234777
234778
234779
235431
235458
235577
235578
235579
235580
235581
235582
235583
235895
236659
236660
236661
236662
236663
236664
236747
236917
236918
236919
236920
236921
236922
236923
236924
236925
236926
236927
237169
237170
237304
237977
238829
238830
238831
238832
238833
238834
239052
239432
240475
240664
240665
240666
240667
240668
240669
240670
241259
241260
241261
241262
241263
241264
241265
241266
241267
241268
241269
241270
241271
241336
241337
241338
241339
241340
241481
241482
241483
241484
241485
241486
241487
241488
241489
241490
241701
241702
241703
241704
241705
241706
241707
241708
241709
241710
242014
242015
242751
242752
242753
242900
242901
243386
243387
243388
243389
243459
243460
243461
243462
243463
243464
243465
243466
243467
243468
243469
243470
244113
244384
244385
245890
245891
245892
245893
245894
245895
246122
246214
246335
246337
246376
246377
246378
246379
246380
246381
246900
246901
246902
246903
246904
246905
246906
246907
246908
246909
247008
247009
247010
247011
247159
247160
247161
247162
247163
247164
247165
247177
248491
248492
248493
248494
248547
248916
248917
248918
248919
248920
248921
248922
248923
248924
248925
249136
249137
249138
249139
249140
249141
249328
249330
249331
249332
249457
249458
249459
249460
249461
249462
249463
249464
249465
249466
249467
249468
249469
250090
250379
251117
251118
251119
251120
251549
251550
251551
251552
251553
251554
251555
251556
251803
252542
252689
252690
252691
252692
252693
252694
252695
252696
252697
252698
254286
254293
254322
254323
254324
254325
254564
254565
254566
254567
254568
254569
254570
254571
254572
254573
254574
255420
255421
255422
255673
256734
257711
257969
257970
257971
257972
257973
257974
257975
257976
257977
257978
258895
259455
259456
259457
259458
259459
259460
259660
259661
259796
259800
259801
259802
259803
259804
259805
259806
259807
259808
259809
259810
259811
259812
259813
259814
259815
259816
259817
259818
259819
259820
259821
259822
259823
259824
259825
259826
260829
260830
260946
260947
260948
261023
261276
261277
261278
261279
261280
261281
261282
261283
261284
261285
262073
262074
262075
262076
262077
262078
262079
262080
262081
262082
262083
262084
262323
262469
262470
262471
262997
263212
263213
263218
263254
263330
263331
263333
264168
264793
264794
264795
264796
264797
264798
264799
264800
264801
265039
265040
265041
265042
265425
265426
265427
266005
266006
266007
266008
266471
267303
267443
267444
267673
267674
267675
267676
267992
268703
268704
268705
268706
269047
269048
269049
269050
269051
269052
269063
269064
269065
269066
269067
269068
269069
269070
269071
269072
269073
269539
269943
269944
269945
269946
269947
269948
269949
269950
269951
270670
270671
270672
270673
270744
270745
270746
270747
270748
270749
271325
271326
271327
271328
271329
271330
271331
271332
272014
272384
272385
272930
273995
274208
274209
274210
274211
274943
274944
274945
274946
274947
274948
274949
274950
274951
274952
274953
274954
274955
274956
274957
274958
274959
274960
274961
274962
274963
274964
274965
275704
275705
275706
275707
275961
276107
276108
276113
276114
276115
276116
276117
276118
276119
276120
276121
276122
276123
276227
276228
276229
276609
276692
276842
276843
276844
276845
276846
276847
276848
276849
276850
276851
276852
276853
276854
276855
276856
276857
276858
276859
276860
276861
276862
276863
276864
276865
276866
276867
276868
276869
277169
277709
277710
277711
277747
277862
277994
277995
277996
278305
278306
278307
278308
278309
278310
278311
278312
279779
279784
279785
279786
279787
279788
279789
279790
279791
279792
280181
280182
280183
280184
280185
280472
280473
280586
280587
280588
280589
280590
280927
280928
280929
280930
280931
280932
280933
281099
281153
281154
281155
281156
281157
281158
281159
281160
281161
281162
281261
281262
281263
281315
281316
281317
281318
281470
281471
281472
281991
281992
281993
281994
281995
281996
281997
281998
281999
282253
283303
283304
283305
283306
283332
283333
283334
283335
283397
283398
283399
283400
284345
284346
284347
284348
284349
284350
284351
284352
284733
285430
285431
285432
285433
285434
285435
285436
285437
285593
285672
285673
286012
286013
286014
286015
286016
286017
286630
287204
287205
287834
287835
288426
288427
288428
288546
288547
288548
288549
288550
288551
288552
288553
288554
288555
288556
288557
288558
288559
288560
288561
288615
288616
288617
288618
288619
288620
288621
288622
288623
288624
288637
288987
288988
288989
288990
288991
288992
289406
289628
289846
289847
290368
290519
290521
290809
290810
290811
290812
290813
290814
291064
291065
291066
291067
291068
291069
291070
291071
291072
291431
291432
291433
292259
292266
292267
292268
292269
292270
292271
292272
292273
292274
292275
293534
294091
294184
294185
294186
294187
294188
294521
294522
294523
294524
294525
294526
294527
295722
295723
295896
295897
295898
295902
295904
295907
295909
296179
296602
296603
296814
297800
298761
298762
298856
298857
298858
298859
298860
298861
298862
298863
298864
298865
298866
298867
299074
299449
299499
299500
299501
299502
299503
300842
300843
300968
300978
300979
300980
300981
300982
300983
300984
300985
300986
300987
301669
301683
301684
301685
301686
301687
301688
301689
301690
301691
301692
302072
302083
302084
303124
303125
304807
305088
305144
305145
305158
305162
305467
305468
305469
305470
305471
305472
305588
305589
305590
305591
305592
306056
306057
306058
306059
306060
306061
306144
306145
306146
306147
306148
306149
306150
306151
306152
306153
307779
307780
307781
307782
307783
307784
308049
308050
308051
308052
308053
308054
308055
308056
308688
310609
310813
311499
311500
311501
311502
311503
311504
311505
311506
311786
311787
311788
311789
311790
311791
312406
312407
312408
312409
312410
312411
312412
312413
312414
312415
312416
312417
312418
312419
312420
312421
312712
313164
313257
313258
313342
313796
313797
313798
313799
313800
313801
313802
313803
313804
313805
313823
313824
314194
314195
315102
315145
315146
315147
315148
315217
315218
315219
315220
315221
315222
315223
316543
316544
316545
316546
316646
316647
316648
316790
316791
316792
316793
316794
316795
316796
316797
316798
316799
317192
317193
317194
317195
317196
317197
317381
318083
318224
318302
318896
318897
318899
320091
320092
320093
320094
320095
320096
320097
320098
320099
320100
320545
320546
320547
320548
321124
321928
321930
321931
321932
321933
321934
321935
321936
321937
321938
321939
321940
321941
321942
321943
321944
321945
321946
321947
321948
321949
321950
321951
322051
322194
322195
322456
322457
322458
322459
322971
322972
323105
323106
323544
323545
323546
323547
323548
323710
324308
324309
324596
324597
324598
324599
324600
324601
324602
324603
324604
324605
324606
324607
324608
324609
324610
324611
324612
324613
324614
324615
324616
324617
324618
324619
324620
324621
324622
324623
324864
324865
324866
324867
324868
324869
326469
326633
326634
326635
326636
326637
326638
326639
326640
326641
326642
326643
326644
326645
326646
326647
326648
326649
326650
326651
326652
326653
326654
326655
326656
326657
326658
326659
326660
327226
328169
328170
328171
328172
328173
35298
35301
36378
37482
37484
40015
40805
40941
41062
41108
41311
41499
42337
42485
42780
43081
43116
43230
43329
44209
44641
44851
44888
45053
45063
45288
45441
45621
46094
46407
46644
46835
46837
46891
46914
46921
47140
47259
47789
47938
48470
49074
49292
49612
49773
49786
50272
50384
50573
50578
50579
50603
50699
50777
50900
51677
51708
51709
51781
52674
52744
53338
53366
53904
54034
54077
54200
54266
54317
54437
54457
54460
54461
54915
55246
55257
55534
55682
56174
56175
56291
56423
56497
57183
57376
57605
58050
58113
58147
5820
59192
59310
59464
59742
60301
60481
60697
61012
61038
61341
61564
61775
62189
62199
62248
62439
62645
62668
62765
62843
62850
62944
62963
62973
63255
63306
63320
63373
63382
63428
63429
63430
63451
63773
63785
63927
64518
64950
65290
65777
65831
65912
65978
66164
66223
66304
66542
66575
66620
6664
66753
66823
66858
66859
66906
66915
67077
67227
67240
67614
67633
67708
67712
67713
67745
67779
67787
67853
67878
67912
68237
68238
68370
68706
68724
69173
69174
69435
69547
69548
69549
69623
69711
69743
69946
69952
70056
70126
70243
7038
70404
70497
70618
70637
70686
70688
70692
70915
70917
70931
70935
71124
71315
71319
71350
71444
71462
71496
71510
71694
71699
71804
71906
71982
72029
72072
72114
72115
72222
72223
72583
72906
72984
72985
73071
73177
73397
73691
73705
73750
73773
73782
73823
73832
73834
73840
73874
73932
74049
74056
74057
74095
74096
74117
74121
74200
74237
74259
74346
74351
74354
74379
74383
74403
74458
74604
74619
74728
74729
74736
74768
74864
74869
74871
75011
75012
75056
75057
75128
75142
75180
75333
75363
75403
75435
75499
75581
75591
75794
75912
76573
78297
8733
9523
