# Images with no meaningful content (MTurk crowdsourced)
48879
4280
12083
44116
119279
48421
13840
56789
45622
66950
62626
88173
71279
70528
50505
22912
94345
99407
19239
61347
47331
50911
73349
18316
12067
35802
65453
86000
89515
4823
74408
49315
76605
46725
52732
43442
106348
45011
109455
64201
39418
109126
77824
6524
7150
4899
110349
35719
52695
28168
10207
98798
37778
117837
17608
11279
42625
44595
59848
54398
74693
20539
64172
29470
52054
18831
24810
29970
25926
85587
62790
61254
43871
102940
18872
43327
35542
944
53339
92623
97239
31592
59232
24383
66713
106416
23402
25805
44306
11624
115854
74743
23851
44871
48997
2727
24133
37476
18328
37289
42837
46257
9845
77957
64824
63060
3366
9517
52939
44528
9365
40447
69307
99193
47818
60751
27170
45779
64872
32330
31070
64812
38639
46691
64061
106608
34524
104610
30631
12189
83978
25724
28760
2831
30695
117872
8541
69778
48711
1800
36209
70705
66048
29551
8906
118962
55979
78315
92943
98925
12036
62984
17372
5498
77401
44664
3316
1554
42962
49542
25915
47513
96015
118378
109569
30797
8447
21308
42157
11689
115016
68717
56841
44775
4615
52809
52074
25713
28417
52569
13774
34226
67362
89887
9793
11590
19488
68516
55338
102502
72069
53410
14720
109634
60459
69919
71826
96731
31209
83318
57421
45077
85844
98734
11462
18348
15327
28980
55740
47221
65019
32071
24471
15035
43861
22332
2222
36012
82900
91251
82952
49537
16221
45532
33920
60162
2098
73474
30053
13043
48684
22271
19875
60984
45474
43631
52100
109995
42903
50315
21701
30114
76325
48006
2289
77459
46789
22741
52578
67332
17848
89665
87900
101184
25710
85310
36216
1229
31292
52311
53509
34772
56848
49731
24628
62619
31073
52242
82365
44838
33348
20611
15512
17633
83738
20634
65153
58399
53127
64466
25612
68280
64902
15232
24319
54438
42904
2964
31854
14306
9858
66229
20882
10070
103815
22589
14469
2954
111747
43585
28338
51556
35907
59304
96680
77873
32202
19373
15207
32483
71012
47322
115586
71668
47426
16978
45326
16228
3001
55068
14467
53234
57414
95326
44565
32999
48918
27435
119401
33467
49838
4228
63949
16842
17851
50709
23729
48335
26147
36685
42624
118456
3577
109393
55401
43938
2542
4347
7340
50549
5362
118319
12927
3917
33350
83693
82226
49037
51311
106059
96649
63096
65743
101353
70212
9630
97216
82846
118096
6091
31033
46519
43245
102749
1668
44994
99257
64075
3730
45796
42274
30836
9350
43789
66265
19867
7473
95408
5569
77025
52136
32274
55290
15789
26049
52574
58918
9513
25368
32199
60419
38640
9938
47238
51379
7541
10380
9520
1366
18908
45590
33957
53110
22662
32693
90402
43275
625
20528
33004
71598
8989
88356
4083
93858
29234
17493
34823
50500
95045
26938
56688
26834
32439
79973
49346
1695
28790
57157
20828
27093
110333
62858
31655
12739
34781
20671
99659
71528
33623
54705
37343
22309
38615
27386
118859
85743
22040
89623
118084
39187
4087
25692
117775
17316
46282
14640
74717
35142
93604
2851
27497
4157
50804
13356
1100
100724
6936
61180
74645
43429
60807
113523
18637
117898
18935
54279
8609
60530
13844
22999
53314
67172
71945
14104
22248
45293
79088
43715
36458
19431
60110
11931
70462
100870
77436
9669
43987
63587
13956
78431
22234
75810
29729
21029
62132
52599
102755
35306
46284
52502
60171
76364
62665
46572
14795
79850
42195
53850
13918
42950
57323
43488
19460
21489
47869
36117
2663
96051
74973
11597
6034
29326
62201
89329
22527
26822
46269
9849
8380
84192
17887
46253
53448
776
86394
33924
17478
41596
64643
39197
85558
48173
15370
111908
82813
13816
54582
45312
35997
19306
36683
21372
34990
82696
42233
40907
15448
44046
55612
74874
117066
21216
50455
51350
52934
18123
40528
18666
14985
32539
72766
100848
23494
35468
4657
101432
5877
89689
46759
55963
52736
29295
23268
54166
64781
32020
40280
27003
118051
27806
17520
7056
22247
73423
11210
10754
102801
19467
37992
105670
13133
84667
58088
59387
64681
34406
67660
60161
91439
50488
63115
63788
4089
78149
17336
115067
59476
51610
1042
26205
72763
32264
67419
25610
49320
61132
87688
71430
3289
77915
111480
40734
60655
97761
33956
38297
19498
2076
13657
2358
75597
54469
42284
1166
6851
113720
6016
50544
115514
29199
50958
97833
69525
108783
76314
107258
47670
96189
62958
3257
78727
60729
83730
3200
70744
73998
27997
80899
6415
8293
15286
3224
71189
84390
72260
25590
99217
25846
55627
31645
19811
7147
53182
59146
21503
35785
53477
54817
30897
66675
18837
73039
42781
37589
55176
16514
104160
116427
59389
19362
25743
31106
61098
19301
52039
7060
2376
18597
73202
38338
89620
16028
53967
93874
24435
51730
18558
83986
21538
20503
100660
117103
37703
47495
32961
64186
74410
61641
53517
2361
117430
11659
87939
59231
44614
23552
63303
56853
57557
106085
27140
118530
53122
87382
84864
8944
5965
50181
62007
42890
52308
65315
60576
39878
260
103182
98185
69855
472
13967
719
74108
88473
86033
39260
101680
26440
27694
34841
111988
13393
52752
61239
71661
94223
56686
60635
100543
22637
51707
54813
96770
50668
11939
96574
29390
29988
29833
49167
46415
29664
65305
62894
16764
53151
15975
14290
24587
21695
23167
44824
3293
70016
117621
57957
51946
61399
86054
14166
49788
84183
42707
7748
32262
99667
15985
61140
78919
83056
54765
3758
28499
64591
607
41020
119239
5045
3621
117790
43504
56400
11326
14197
43364
41716
47264
27991
1305
2433
91010
101161
4592
7057
51099
16239
43566
84099
34769
8995
79491
1105
45347
101094
59719
101388
117474
58615
2344
24245
101592
63082
75963
2468
17837
35922
35807
52523
12296
97913
30840
84633
38040
52193
83989
87269
87832
99578
18766
43570
20670
54434
52419
27930
50700
52263
52584
46898
93937
48878
64508
100703
43276
53575
103861
53392
99311
47921
98295
32547
58453
35993
2408
48813
1482
34271
30898
1787
22383
95324
33173
33300
3932
43331
45771
18871
16608
80513
10029
72926
52628
93622
11361
86065
25068
83143
97885
116731
2681
55098
29689
86283
85485
104058
12024
81413
52323
8096
59572
20861
108870
47309
20288
57639
23478
72485
110515
35069
8647
31210
62953
20433
13042
29960
13599
99484
21911
64373
55095
52558
8463
63008
62157
43344
29453
66242
62361
22768
75613
20827
20679
21606
11596
33959
49059
68478
64620
28115
3805
56016
34643
2613
61791
54633
26128
52127
94532
46765
21694
45489
9526
48582
88990
35766
71445
3865
42238
75449
75293
43012
26489
19274
6268
63480
82584
44035
117152
6214
70033
55687
52535
15550
85073
5599
33005
103840
63741
116760
65974
39825
63090
35768
73698
20822
22433
23626
69596
1089
71150
86397
105909
25125
102416
40414
4604
11368
14083
83868
98775
51179
61433
6845
71255
8183
46485
117682
47661
31520
36759
20657
48995
95006
2862
2236
64239
93481
43574
79075
26171
77658
14347
63916
105102
79080
3571
27698
70196
31933
6866
32624
86154
9634
85575
93070
75902
108343
32139
10760
65318
36843
13608
53545
52120
10720
28202
76308
104141
42215
12999
20616
62009
7643
43493
54948
20814
24312
1074
102040
34058
55582
873
1352
108177
77620
110502
5691
83521
43395
50990
58408
1357
72016
116905
51056
21832
55202
13695
4309
18144
49226
74371
72153
82843
12592
39742
9515
53330
51329
24007
19302
86557
14792
19270
17216
38147
30902
97396
42960
60653
114833
57495
78489
53492
116778
11390
26607
118865
94666
52915
4222
52223
52865
100023
73888
81007
65512
65406
16225
113179
2803
31957
95059
49732
21668
75777
49558
51228
59808
511
5141
27518
87557
48631
81236
70256
44369
101418
2951
42626
64052
67295
4110
44995
37067
66855
26981
98062
98909
3844
2364
8161
30878
104819
47252
17841
41557
7187
106580
95142
14735
38705
3208
27613
16237
50565
52320
58292
112442
94634
59920
64739
32268
51076
64044
5384
3469
15611
73616
100419
68995
3426
65399
44774
30931
40914
100450
103506
13026
15807
62930
19027
103827
49699
60258
53390
22308
68544
11549
95599
85036
6981
18640
16068
63991
32834
3243
1946
20746
52931
60559
45828
98810
78511
526
8445
8668
61245
31658
105748
28083
35930
96767
59680
65277
52187
61577
100367
100302
88624
25080
26695
26151
22389
99722
62220
24489
75054
48584
101064
57794
4504
45398
74148
102797
51547
621
29474
86690
62135
50390
30488
25057
42092
19389
13456
51187
72071
730
71545
75375
8747
20172
49880
21213
51449
42014
50705
1844
15186
66309
23987
100611
86358
14495
35849
111077
66853
101051
58574
6879
33319
16229
18210
93375
51006
1152
52079
22184
48994
19248
8295
18616
7755
19769
25682
19420
8766
79920
86357
45898
84385
53649
1062
45012
71869
4515
2495
11498
116974
50460
54744
24739
100793
107028
41876
51195
37707
105055
58769
72325
28661
22254
117619
19106
57096
63307
59277
71006
33707
116772
71611
59760
53917
100530
4200
53194
102171
49388
19484
42957
85488
76681
84730
21212
22671
33471
57212
47104
27803
63566
51649
31953
49373
52295
111867
8638
2018
34077
34995
88319
87045
49441
75693
40968
55945
41986
57193
1693
1970
50614
52342
61285
15517
57736
74112
52960
62327
4546
36219
52274
52171
89239
24370
33258
21318
74032
60919
100607
21085
46169
41209
5868
79549
47273
19025
102107
23952
13969
95219
29342
99943
57118
26488
47166
67710
65559
26994
5606
529
21669
52211
100695
35214
18705
22390
35209
19199
51018
69465
12240
18559
43051
23277
48565
90277
8528
56271
63827
18885
87791
87672
39732
56843
26280
13506
80959
55543
104691
109227
25516
50423
77852
6532
19326
51701
75243
44997
62501
24551
8379
54026
63628
101587
20238
70235
44068
1370
57513
57086
68860
55798
554
5167
8495
5187
34354
24025
50430
87532
47675
51143
690
35784
52388
41607
64505
12179
2304
18223
26233
64221
71627
103921
30047
27522
24624
19882
54616
27517
64069
42329
48993
43957
28329
83911
7679
36171
8773
15073
68308
1630
52829
67454
48339
38329
63582
94724
35804
22119
66180
2434
93742
117136
13485
2274
53814
43096
31951
72108
12111
99617
8078
47739
108872
7155
7653
16434
12527
20283
20012
66964
53853
43426
27523
87283
17386
77953
2492
44108
25555
60319
107532
36669
75776
60957
65473
51040
102534
76088
23443
68376
108793
68713
79855
37082
51144
97611
24273
102484
65179
43855
119220
20959
85373
31047
16884
58632
48246
50106
70034
2096
42993
3962
6063
31256
46900
31414
52491
24428
57166
83270
36374
47332
47138
38398
59546
22316
64289
79810
63498
62786
73484
62550
76642
14922
29208
2564
57262
46040
56634
43054
53585
107416
31549
75638
25705
23681
55505
68012
59621
100649
6329
56832
62415
2909
69729
73751
48205
118030
57481
44153
33773
1906
8990
15957
18829
48885
54771
16242
86919
73925
42628
29447
21222
63845
117307
66958
59383
53238
23086
48656
118389
43934
38231
87934
27404
52329
104841
87584
25166
31141
63841
4491
97970
99525
117137
105946
20630
3842
21284
21835
37510
46416
42914
51765
57919
46395
68494
26821
1047
24234
48366
58989
54407
61871
12955
422
6938
45383
36652
50991
31133
56586
52903
44623
37204
15915
99937
41558
15388
58509
47266
70684
18072
14279
52277
52238
5528
53670
65714
43852
5586
51790
18523
57490
44065
81781
53034
74964
41767
52794
4477
7212
113117
67155
99400
7182
34286
65090
1350
53630
108387
7841
4659
5162
71898
64761
18840
44066
35769
57801
16963
50909
5001
67182
1849
21214
97743
51895
83990
6927
51743
69799
12245
108344
53557
54911
88162
93009
39572
18084
23744
29450
48996
97735
50585
52121
31208
33763
34788
81599
11400
7231
59201
116990
9501
10995
46474
76083
41216
33113
58728
9200
22124
60589
27934
60397
118239
45805
61634
45133
27571
89016
88492
82321
513
44557
94365
25181
1164
38718
102803
60903
68211
60855
106602
46987
107443
2156
9541
45008
5911
30253
22307
96738
101041
104570
48959
108545
3981
52207
78741
58077
553
2474
51519
19634
41381
52312
21767
40920
64292
52994
5547
52246
77812
1641
71221
100178
21370
86738
2499
8040
27996
66832
745
64566
11232
45503
73015
10116
104974
57171
82782
118894
48393
19164
100866
60112
82521
23835
104994
76688
59356
34182
3576
64481
53659
19535
54929
52528
64266
52364
24325
92958
9737
99702
16612
77848
28785
2746
63526
65577
71235
46203
55171
16188
56811
79664
117715
21765
29388
75578
30505
106367
50840
46612
88113
24307
14353
33748
20738
92507
12808
59343
74158
14798
21496
43587
12685
14787
31498
27508
88841
63636
97860
91076
49206
16633
66693
53956
51368
48576
49598
88486
27504
23676
60827
102476
19208
15157
24850
50800
28015
59915
21447
14647
104518
56259
21192
66413
73185
98335
19657
10964
20773
1069
60212
40502
12077
47308
44670
15126
70986
23181
51434
9473
43167
74863
99874
9958
32632
103747
104176
2711
33701
12416
35628
68532
70904
868
23839
85404
47542
21420
24569
44138
2440
67687
97702
22969
2612
76341
41395
118809
12975
6493
9259
51635
49401
57920
22916
32188
18695
19759
73268
118123
3232
72007
71313
18870
100862
5369
31799
9619
52056
61965
14305
4176
27673
81297
30515
71890
97648
22759
48216
343
52477
1493
36197
54391
59324
93975
47064
50981
72570
85165
44999
43030
90816
44830
7938
33289
5697
53096
22938
8507
2150
74902
1044
41786
56236
18769
34280
57362
54424
13428
1023
41461
67700
58744
87829
43491
21313
62921
102770
36846
51668
17981
87458
41355
52260
33088
35205
105820
101334
107394
34188
117525
74455
68448
119503
108884
23740
19233
10747
55124
26887
6723
48705
78589
30503
37940
23101
62950
38401
8571
34784
37331
7120
56822
800
40174
40898
45009
39772
55498
83512
117813
92917
45558
5990
34493
73477
31647
66357
5516
116875
87364
79052
87881
54297
84188
75786
46390
44155
25178
96055
49249
17617
51083
21188
78939
51052
54615
25691
37368
12974
18709
60362
62804
27135
59185
57047
17132
74085
38724
12677
25762
40314
83155
70876
61458
576
31421
18400
72482
31817
65805
16863
44800
42907
19010
98247
94664
75096
1845
20669
57143
74887
24159
40856
37135
41391
45147
87246
18681
4418
8499
20571
43335
117703
67044
15535
17310
53093
73526
78087
23142
30172
52745
35481
60703
61419
51661
32746
16327
434
78777
48437
71483
103308
32276
54464
76856
42586
74673
35081
16405
90832
43461
38146
9606
43178
62155
46085
97023
1367
12627
71774
63703
51521
79954
13554
78475
36496
13611
10750
33661
60954
79819
4886
65823
17677
51264
14111
2161
43865
6006
52024
32161
59342
42456
21281
18576
47027
30490
53530
13955
62168
23186
4255
51078
21918
13906
78549
111506
73270
10961
2868
23922
103010
35588
56375
30403
1711
67491
4297
20119
20494
89242
43269
51828
13295
65270
46285
19392
3284
44349
6803
44700
23852
42986
96180
7270
22772
80569
116805
39820
31922
35627
46082
68346
53000
45356
89481
21716
67075
18133
32175
107361
15827
12804
33881
50762
70593
38479
38708
54240
45835
2960
75105
12738
19742
74092
51884
22015
21185
51682
31558
74321
20769
97763
35652
59996
49848
9780
18850
2247
53011
24673
95470
527
33969
24716
25822
45524
52267
98846
117650
109185
2717
31952
102632
42172
34105
31875
12376
18014
22663
5737
47808
26197
71267
3156
4374
51263
24900
35460
103471
15858
45368
18714
75073
63932
52539
56346
28619
4654
43558
33333
61389
77979
29959
62456
102362
82559
20852
69108
52005
1567
102296
24906
95184
59361
83295
99888
26040
62184
19418
12668
88995
76945
46482
29241
68085
58804
10636
52009
70664
82637
42941
38612
61673
89676
18219
52172
52176
15597
34607
64437
53655
84031
84022
45250
100672
15397
60000
5791
8360
70217
56985
52206
57198
63068
98090
50625
35400
44862
27432
19458
1792
30347
54470
21348
51772
64066
15742
14676
50995
48613
79081
42771
31858
45259
62142
90258
65960
63170
86712
80961
66917
45824
86691
2821
94437
39812
107005
47702
86781
99705
67947
3381
44363
56939
81825
48573
29939
118259
47211
59237
2362
55851
60932
20665
47362
36007
44310
15078
105176
15766
63767
16427
64982
48191
97460
52126
41841
46608
60111
119015
21482
87267
49465
99481
30549
68533
27418
97951
46777
117518
38409
6087
52117
51289
71731
60091
36005
35964
88032
13927
47746
23721
46016
51316
67715
72452
31859
87975
89598
70036
36008
62386
40167
24491
31725
79086
117855
90830
89768
70942
44193
51000
2013
57810
62251
52978
107985
14005
45041
100622
45495
118073
1113
53079
58551
62454
23491
2674
24549
74185
56705
82812
53277
39745
52497
67804
20568
21935
24443
2464
80949
2049
25845
52275
61887
57748
59180
64272
43080
8079
630
87716
24250
28217
50884
119773
2721
3253
7722
59130
18854
30501
32505
16088
87718
38554
24520
9449
3138
17258
38946
62664
6548
65371
53396
13044
91279
7929
91799
108868
29253
23636
45244
43723
38799
74585
64475
77490
9770
8372
119200
73480
19730
88485
21381
45920
118144
59048
75200
20650
62326
119021
75060
49683
55110
61280
52867
10481
20885
2597
42778
9754
62162
15791
3777
20806
52981
1656
75524
46104
14945
4142
87502
43674
51172
51773
52177
13753
50813
45351
6455
31929
5441
64710
66174
57034
2949
15162
51766
1061
41723
70146
52670
55579
27057
20114
62152
42746
19673
66745
2111
16050
31291
80684
54455
13262
7845
9314
15642
50721
41595
68765
30886
51362
72548
35698
98874
118606
24842
100930
36823
39915
26313
3275
14027
55231
60985
46396
4734
22394
53547
56812
921
63676
3025
101243
64324
39313
34519
35971
84174
117362
52452
36131
108654
51041
8533
13654
20493
22601
18423
71687
41535
10156
84888
36983
74766
12267
58303
108454
107588
82456
8337
8996
105870
18272
14055
7011
27056
18216
5608
89083
18522
22056
4612
107596
58211
111628
68861
98434
48321
57230
21194
47642
48476
52365
12675
24518
4600
46932
74475
39826
62487
13683
33543
74082
83726
74081
26237
43288
25155
61386
37144
62602
103483
119337
67308
53083
14517
98054
8578
39040
64279
55198
100452
75238
64774
52387
9956
3587
66169
90798
50584
18235
52348
50462
14389
21211
116900
3615
3978
75021
14386
20904
73475
11730
208
57256
119194
68090
4760
60704
46414
62788
20986
7835
110471
52456
16021
94621
89787
23461
26218
29154
113121
27155
63947
102702
99499
60888
101524
69782
55291
59892
27676
65839
17043
6253
46827
49422
27527
13327
83982
112438
32734
49294
50221
108202
43503
46011
47215
5041
72134
56585
13839
48244
93960
43061
74075
100095
52630
36248
51081
65611
67563
12662
11448
17423
12725
52579
15218
48832
99142
93305
54245
13762
31252
8034
86137
31230
35925
10893
50229
41769
21900
51001
565
84290
20459
89469
4164
41117
87143
64501
92908
2774
84261
47246
106498
28214
52330
60465
60639
7918
117683
68939
61481
59437
44868
98323
107070
47903
64701
32019
7408
61293
89163
52654
33520
18982
4260
35780
1769
63362
66506
46998
45345
56214
56824
99968
46642
49265
27777
46422
117501
66086
87715
8304
7887
37114
60666
104998
54217
93365
43636
4658
3411
74077
52418
54803
53673
52972
63484
36214
41634
9706
49048
61829
15987
52397
62277
38600
5605
28990
106599
3683
26762
28231
1189
2994
89622
54323
71907
30120
51101
51912
37261
52951
30731
59757
4167
27970
46646
94350
5210
44689
33909
101594
100487
54439
60064
26130
54960
22643
74763
55310
54404
87955
58225
9089
53002
33968
92931
28429
63344
66368
29200
63575
75364
48415
28838
44793
42931
15056
94539
35630
58933
64340
92142
34486
35884
74789
49222
26169
51343
43401
3661
83438
2333
9628
68309
62885
119030
87598
72376
47303
44861
43751
43906
54409
43979
46214
54638
105054
42549
81553
64594
16127
53019
52774
26328
34482
12433
64624
3414
48976
69005
49875
21016
100133
60735
103609
6782
60798
42332
65320
118801
105607
35877
38544
70695
75274
103714
48324
106667
33169
82588
99639
14470
50546
53230
21218
47223
116595
27599
27005
85524
25513
2490
12538
2055
2472
42775
60561
84143
98023
45339
8037
86331
118830
20902
70298
20350
106549
74613
9957
27767
52560
55512
52194
30305
2549
3109
20395
63042
65862
2844
31046
18269
42673
45226
11454
21721
77227
1559
6984
42555
50314
67238
19349
54805
1786
10099
26453
32051
47408
35906
61431
110096
24740
9781
48206
56402
55901
47810
11510
56441
102542
108756
8896
76458
2000
64387
35789
71645
113786
65200
27957
92219
94762
59763
31643
97959
3258
53619
72082
57415
7367
44625
102144
53020
11699
74612
941
68511
2297
46103
17099
8415
49740
96518
32379
55555
45459
66017
80896
88416
19210
40421
53686
100709
16022
64482
84832
55412
43297
29323
1356
3490
52813
45309
32367
65155
54230
52633
7907
53588
64235
23538
30734
52465
30832
88014
103571
35259
12944
37143
37931
87192
33894
8884
44989
66759
101142
16174
18075
3357
44918
15211
14967
73974
53864
46110
4053
18357
53681
50316
84321
55360
58642
25927
26121
12076
59876
45890
2941
18848
84247
22648
35846
41533
109425
22631
2622
52200
18320
51079
48721
72968
61908
73658
12062
98796
65394
59987
88438
108929
98785
33051
37748
81894
39308
31044
1570
74202
63670
98815
27989
32605
59898
62711
13187
14267
19881
1402
74896
16360
19481
60562
13583
45054
17833
31278
75943
9454
18713
113927
84416
8586
30777
60707
7906
23396
37004
3419
44741
17952
93744
17780
51706
26721
48141
53429
25504
31136
90042
24730
14917
26168
12081
11209
52731
118104
52240
33170
66507
118782
21720
28089
53251
30619
108024
87104
23165
52876
8775
67830
22327
83269
52828
103021
37590
17632
119093
55672
64303
84661
57452
84870
1355
62437
35057
18665
54542
35220
108220
103749
57629
56808
64970
76311
57314
40855
45840
14553
58172
1827
21164
33398
65317
13569
13171
54114
52598
4283
48908
8715
39896
47263
117306
97204
83603
3650
32152
52805
61614
43346
13966
57716
29853
12743
2273
44078
16132
75866
65107
44071
93461
51857
53923
42529
69064
3521
35328
64660
95453
36855
27132
13484
102712
73482
43213
101106
52218
56393
2470
46325
51114
28797
23008
51054
102373
9629
42232
103763
55984
43045
18089
47327
39811
47669
31257
27848
46483
75099
34938
36215
44130
22859
83183
31130
17123
13065
115760
75208
22752
36865
7058
67732
101622
30310
17587
339
22311
35569
50962
68394
20497
62994
101247
64076
53643
98505
5046
18652
45992
20289
76448
46912
56930
20995
44135
56288
53465
75668
1595
47114
17413
15845
18836
35262
22716
23652
24508
13728
36313
45299
16687
36250
41608
9233
44812
67341
36034
117777
21907
68230
76323
15086
8306
68676
21176
33922
33011
50264
56020
60132
74335
55404
23520
60026
49366
67967
66783
57784
9305
81975
45523
52919
32335
4050
10597
43799
51125
52759
4016
102514
48710
78876
14477
56323
83709
13638
36820
36486
92365
45000
59568
38088
57167
39237
88756
5503
31931
108649
11019
72209
59691
93385
36922
19997
13572
62340
55895
52356
59160
10509
86956
5727
54272
22531
75032
28822
108630
12281
3980
19264
46051
50914
26472
74875
21577
3354
52326
72386
84288
35974
3959
55398
99361
37866
60494
118639
44191
118296
13553
74269
21693
26458
42644
88762
43505
32509
55603
60566
9948
31211
62495
36217
40400
30493
33031
64703
23832
89937
74780
78180
55861
55730
21706
85497
4617
1351
99908
74364
57539
8594
11118
32015
44965
50079
83489
12995
54913
64547
4234
67718
76581
46027
59639
22644
44592
7253
90838
38507
13932
56510
62633
50312
45801
14263
13152
85769
51853
40773
84630
6125
63720
70849
16410
2401
30115
113852
3612
43267
49377
19221
74214
21703
20906
64563
93387
45006
740
22303
448
117409
54709
99240
96253
117432
52291
27062
84413
2843
3970
22549
101929
51917
76265
62362
17979
42999
84968
77054
232
84678
57367
4571
114731
43716
14516
35010
44493
104023
30733
20905
67503
51169
54757
1653
49150
4179
79297
101677
13433
48311
56128
43849
84423
37772
31890
111423
63863
90249
100654
11722
48084
80019
71621
10994
46156
46067
22153
22410
99852
23378
29448
37052
46053
23335
19219
55542
53101
66949
61470
9079
22258
61392
84817
79773
16320
16144
50589
110199
62517
74186
48794
75338
84712
11700
12094
82745
54086
71584
45113
19513
34937
15752
40980
27779
115568
46230
63803
71676
46187
83867
73479
18341
66386
1520
12114
77992
64776
50905
83039
53554
31050
56073
94053
54587
86515
116220
1658
44711
52333
5169
10559
21050
26538
97924
73485
19429
36457
3533
26193
19077
9432
43459
46599
24050
83463
51885
8947
8762
5071
45454
47597
37901
71875
112032
23214
109971
19328
14786
19353
28035
41631
22317
114191
26331
21186
49247
63037
63337
12464
27558
35878
31744
102758
26394
6920
3876
62430
100524
91324
110195
61439
54985
109822
41742
35712
46026
19247
96697
37980
83114
31201
61549
50464
43259
31228
29435
63501
59809
63142
48890
6929
23753
30845
30365
52640
59073
32295
43905
24576
85572
73551
48922
72988
21382
69151
77665
3146
3192
26386
94360
47293
95027
44609
3776
12585
3302
107791
25811
103915
72959
35636
46056
926
721
28898
43360
9230
65131
52832
73225
1160
5793
61644
7838
28798
48838
43135
61813
64741
119284
432
47862
47179
15685
75108
76590
779
84955
2014
23216
4873
45905
28893
38310
52278
32114
73446
19303
1854
29079
19860
35675
31336
61608
71603
45669
118900
29767
73466
21378
111526
9248
41627
53955
60207
14642
43772
45942
44968
101053
10212
44201
83878
19059
109943
82865
26460
27503
102774
69872
20767
10179
98736
49416
102135
74627
38084
101011
2741
8650
98114
53015
59611
4908
60504
69610
94127
51636
75582
84525
65388
95076
12247
38432
21781
96448
29379
2308
46719
43684
44205
19711
12280
31789
2443
33739
44500
65230
9776
23445
64282
44532
38613
14042
74103
59796
12998
5540
13949
27307
21170
35765
52180
23844
15882
55213
60873
59998
98605
5749
37010
100763
19344
40728
21490
19903
86907
38576
56819
40331
13518
31716
64823
11208
64414
19909
2238
54597
100379
21505
39617
53008
46370
93340
59394
94394
1819
14317
60826
98093
118479
63634
2471
76160
61859
56106
45836
13817
53081
3863
89659
97561
31409
11945
17441
16589
49685
93639
24115
69330
52926
63760
1782
99680
29652
14116
61295
109377
19865
28467
15930
75653
45207
5327
92236
44701
51016
65015
44799
96105
65089
51962
24343
51011
25203
72112
2952
95821
44798
45679
12028
2342
85525
18067
22185
45070
71525
2818
8518
23001
51805
50568
78545
34918
64191
108871
1724
25932
83625
8030
18710
19058
12295
13843
40970
38786
58646
35599
52382
2635
118415
78416
73103
52840
60448
52374
17621
50171
30075
66923
31684
68256
117111
47671
71339
5658
54740
6794
18609
21355
65793
19515
19687
108256
44031
14646
63467
114939
1296
41404
19194
64048
87680
82788
19861
18852
46049
64207
48528
100176
37294
48640
14568
54271
25589
64852
65316
57786
43635
64294
51832
8830
76025
42173
12443
420
52697
33171
37354
84532
50380
8023
66406
11943
63094
34329
5908
1092
13125
98006
9528
28593
33502
54430
87544
88684
11247
29074
14781
61118
52608
48945
44224
38775
58389
50236
13022
63426
1127
1613
68234
95904
43204
52403
29535
49017
37876
21457
16805
13990
59856
52110
36113
70208
4216
13979
109717
13482
21444
52344
61214
1816
69597
118985
28505
60293
52370
76925
39120
44926
15793
73464
100199
100153
118069
10568
54031
119511
37685
32733
85976
14785
67936
17679
45296
52201
41394
26173
51007
45026
49427
86375
14708
74060
27284
51956
52188
628
19454
49944
6251
90863
54265
17629
63988
62623
68295
63580
31203
22192
35364
33117
76086
59498
53979
31642
90072
15658
6449
37205
73426
37937
18112
4915
108586
50412
8971
66860
1593
33479
28066
30684
25414
35480
65257
62554
58252
18401
7299
24317
45069
41883
43186
115732
65379
76250
25179
83055
15787
51112
16567
43402
17551
44563
61317
53931
102661
51768
45746
43427
30967
27221
41508
3697
961
44870
63960
23474
74852
102893
72140
12679
93221
49234
52940
30298
28024
77198
87046
44120
75575
34102
52336
33082
66529
72822
4758
5506
45745
49394
18826
54232
46054
47653
52236
84600
2053
2578
74876
48314
54634
2343
83813
44022
12322
45661
46232
49382
24809
23400
36072
46881
100431
51138
100203
12404
43303
2030
18867
54835
29385
55039
3107
58428
86951
13838
78984
12977
52689
31727
116017
16972
64925
30676
52716
42656
90212
84120
54371
3159
88178
50739
13616
33827
51175
40546
70878
52696
44121
71421
119297
5274
62580
65325
101315
43669
44523
56748
8538
1072
25820
34783
74518
28491
7306
108760
8683
32591
18844
44785
71797
108416
43522
73263
18477
69717
55897
8038
76117
2252
79813
69284
62305
76478
10474
55073
40899
54483
60560
2059
45294
15718
64299
15239
36120
72165
47635
118509
13497
98621
10449
25556
15648
65546
10759
20422
30891
84037
27573
87179
32764
25753
41737
45003
26737
54229
10388
49239
74083
53870
67320
48924
33400
102756
36044
19099
108211
19652
19336
88385
51477
43284
31113
21702
67943
7076
18679
58285
65244
115815
4187
54442
2057
11622
67109
12634
42922
11370
31235
1773
97569
39198
43853
9509
35424
53113
89716
24195
54586
99030
3315
117984
28266
101268
53362
119438
21384
1473
42849
19332
56504
48462
772
24960
4522
96228
38550
65621
44119
48458
21191
97260
8375
4721
72205
58622
8682
99932
63435
55382
52243
21758
45061
18386
3374
50939
94867
36921
80412
48040
95672
31923
52272
55223
56682
2704
72332
29530
31253
61218
65087
114311
71773
64923
65604
94715
43995
27525
36010
84178
54808
55479
43490
74233
2077
76748
105936
4492
42455
45712
101155
75027
25643
902
73229
65130
66228
69409
41354
74541
65731
58253
97033
43978
70440
115757
29258
59475
91783
101416
26093
48112
58280
119000
32140
48915
25685
25928
12396
28610
99390
64148
5565
29325
10087
43173
475
2638
19696
36971
36000
15855
15533
90841
55331
2015
94876
36517
53794
64779
83565
36077
78536
17941
17594
43639
100928
72206
50746
70406
31964
18588
75052
14854
63886
71548
30830
31926
39496
64181
21717
66659
51588
4446
29882
46641
52433
81588
77128
3412
45819
82906
45734
43649
44109
77495
62190
26152
79772
77989
32532
27933
14289
30844
39306
44041
60468
116758
5512
35604
54456
67342
11305
7844
92229
52271
61609
32200
15077
38758
80480
105206
97087
16803
11245
67060
44359
5275
36682
70712
6937
12010
12221
11944
27228
114899
54727
56741
58304
44628
55108
107760
107150
14253
27805
5347
23169
35926
61603
11399
35058
17446
41679
46170
31003
56126
70546
46153
43495
28431
22305
50477
48740
21300
82646
50812
1840
8988
106956
88620
23390
37507
46097
107167
32230
36417
73544
118758
79501
23109
9896
64787
27487
41291
2398
77229
87499
16179
72329
31237
56912
42906
103923
100304
45516
61500
2550
25280
52568
69795
53657
25635
78001
66173
32181
10881
56332
36123
115542
21168
87352
5363
102737
23802
24547
73422
101466
62992
45709
66558
52369
26326
17978
2502
22468
43556
45181
46060
49829
10764
29905
15753
24738
45971
37208
61418
505
54978
44118
34415
102633
577
14783
56735
15033
108246
20579
29557
22780
60575
9712
109054
96619
92899
45569
37285
32275
1556
40492
60133
102486
44697
69573
65507
58750
51161
106541
48348
20625
83721
48296
21190
48983
27728
109165
53791
35805
73752
44408
23596
62057
29556
53178
11904
85588
77692
1476
88740
67204
28130
40890
45939
66586
22486
71227
86695
61175
5450
25305
117968
73368
18169
8357
32145
108112
4261
37716
99517
44067
53469
52796
24564
64085
54796
36208
3352
21133
19068
59618
112967
60726
10085
50368
53053
1657
31207
87694
9955
4081
116808
91006
72450
2854
19521
27520
5459
2173
8729
43273
9671
70971
25263
45903
22890
7080
84262
18076
51842
61468
63574
96721
33231
42632
83110
53320
11367
21433
40963
56656
53971
15651
98854
109949
3394
5979
74372
97793
21189
72914
119732
12773
46825
75331
74948
83791
91170
54589
14759
77916
25999
28256
29410
102849
104161
12845
14252
67009
41459
24577
79066
38574
19005
93240
13550
5087
7525
6513
70918
61890
50710
61002
45128
87957
34380
40815
83506
15876
18893
32277
67271
52886
2050
58705
1165
64618
7392
69914
111164
77986
38604
69672
68924
80766
114781
18638
15661
57020
19385
98699
88765
29585
8035
21749
4633
67266
18888
24572
49179
64605
72225
61959
63398
65331
75388
20115
3766
117894
52496
91824
109373
75584
5561
41324
44043
24923
44956
45020
35371
117648
22143
28000
13121
4170
104761
64096
46182
6622
51474
61157
42410
2318
51584
7222
28503
64174
87660
34072
64782
33181
57339
17041
99735
37660
74080
25542
35442
55683
1156
54022
20191
79759
49413
58635
69181
73419
18838
49312
88476
62545
52507
78955
8406
37011
74584
52241
512
90886
69414
87937
71550
65205
1795
53444
39310
53425
54545
84700
31132
18360
21217
62297
72053
53400
30819
23069
25352
5453
26165
21725
41539
17972
21376
52435
19793
12768
42465
31214
52256
61669
18806
36394
14327
13747
43606
15878
22191
71656
25840
49126
22887
44590
19581
50858
33930
45030
19579
552
90174
74076
19650
33823
33489
46616
101829
39261
62228
76634
45986
60694
85122
51995
44117
62990
106060
76649
65699
85049
37770
101445
49476
25015
29392
59075
25317
9980
4507
30659
87685
13100
8497
1901
7117
17545
97500
48228
118167
62457
42169
45152
111950
2556
31329
52836
48900
83905
14449
1565
7494
64784
71118
68846
67753
23737
13566
473
41233
8358
83305
38761
80605
19345
45510
2569
55320
41402
22200
24866
52762
46770
49964
15032
47025
91066
82671
2512
64040
84903
26150
65871
20768
52910
6531
49021
42651
97164
969
11342
24517
59404
13900
2462
18909
24802
65278
44454
20266
73345
2052
28808
5526
21759
50529
73280
51116
54546
96550
833
31066
69524
73119
81144
13568
27956
11736
14136
15464
43295
64875
13672
43176
64451
22698
7263
118338
71921
75182
112
62792
71029
30567
88482
8623
72794
9450
38499
15381
11869
18746
68792
31517
49355
18648
81232
12562
107096
70107
32892
53467
66353
106138
53513
84058
45048
22083
3129
38602
7807
4412
14276
32356
26194
63005
24065
92802
77044
101113
82624
2545
60558
118141
47144
102527
118112
45823
44924
10219
38425
2953
57990
118253
39401
51431
19461
97332
66633
63533
78938
64038
77008
90761
75152
18847
108298
75868
15561
58621
4910
4469
2712
1201
33283
32212
34046
64408
53459
21302
48498
15452
74267
16369
118733
35801
16093
40395
27142
2551
42593
27665
106587
31637
62417
48825
39613
59715
77256
14356
37602
112816
50920
47866
15588
13429
31384
57594
59246
72644
17734
53704
54776
57188
66609
73502
46264
19656
94048
54901
80279
15598
22323
71328
98476
28660
36980
78711
100846
41815
43357
115378
85639
87610
47200
63375
25974
24796
83850
45724
98171
62482
118315
43518
18910
49418
50866
30896
45674
13836
46018
86894
66756
68840
15445
7305
72790
8081
47613
76016
84866
20104
81033
16862
83485
18098
62935
4916
69794
2315
56820
86750
62008
119418
18934
29794
79830
63780
74672
34451
27013
10321
68097
65492
46615
84340
3235
29215
51403
64778
109594
53144
1273
117180
55970
19237
46807
12274
9371
29327
13577
46509
41054
60283
48406
55015
91169
86664
41728
65885
10382
31500
3698
65115
70679
36568
11605
21914
62881
59670
83853
49042
93379
23833
53223
35439
62377
53965
61053
75566
45742
4130
12047
476
60540
69998
83957
110976
13552
47569
39423
15437
14753
51504
56788
48745
18881
21714
6089
11304
16871
24626
42783
53258
11353
68331
42006
45160
76535
90369
19493
19534
13039
10808
47164
45243
117606
16529
94646
111016
86363
81440
40930
15505
100214
63531
97844
75410
45346
17774
49910
21174
60585
52142
23196
4196
64156
21937
61877
88790
108316
90537
26457
74915
97566
64115
117335
43517
34349
59020
51628
52273
56823
15557
4547
27306
64225
79128
27931
73121
34459
1455
64462
24735
99256
75040
75389
14299
36235
37132
65689
4846
7125
18304
100933
102709
3979
117590
35800
63114
47060
39488
52392
37985
101178
10252
60747
68288
44804
29785
26001
119255
85321
50982
48912
53097
55649
2863
46775
27598
27334
18970
102243
33329
44178
16705
61166
1975
2999
85514
3529
43016
73448
47568
86510
19423
47068
36633
44966
23829
75304
82182
12658
78360
50413
40557
37603
9809
12022
9427
9854
74031
3976
18835
67562
38041
37065
51894
57302
50545
61659
47768
60265
108010
23860
50968
55253
2640
51669
51924
47592
72479
4286
85378
98360
28331
17045
7070
50815
40758
6108
43036
63798
42492
21704
49385
33691
9617
70076
591
55525
51413
57991
52144
22952
71807
37927
56608
93796
106849
4745
16078
104333
62268
45295
117167
14782
31728
18782
58655
51409
33971
29394
34738
107495
39064
75838
21757
31433
19126
27290
1250
108352
63388
4727
19223
51049
90310
46233
15735
9704
83373
101608
115258
116852
84753
75705
97779
88579
14339
21913
64478
22665
70061
61939
54903
27385
49015
3355
18138
65211
47204
36495
41373
21116
86692
53292
60315
11809
31084
46623
36822
3545
36246
63358
95883
17861
46389
61771
45676
14034
70929
24822
119095
51168
41720
52036
9242
32344
28651
23539
45426
46585
56096
14413
99657
15009
45620
61543
118449
29690
85624
68917
73928
28074
43507
1895
57598
31051
61595
29204
67893
52454
14649
17471
54830
24627
57001
98400
12637
22302
41213
71128
65838
57593
7836
70192
96829
82784
1842
100528
30865
32606
20618
102391
44123
106944
74141
14150
66578
57408
20974
36981
107230
52881
44374
32683
3471
38457
19396
4665
18905
76564
1916
58651
98691
20504
69515
55229
14744
99813
111854
42219
24629
36771
35409
49351
57200
61231
46527
118041
107297
17773
63515
103211
86435
4482
50964
16328
52488
52938
65193
12454
97064
92340
1555
3314
9895
40012
56542
103207
94983
118143
61356
54015
55852
58694
82831
66686
23821
89629
36832
48552
28687
33252
89791
42224
21711
51878
15024
99534
56917
101076
3994
2369
78557
43246
12520
64991
70374
56926
73050
9707
93012
23371
55587
25754
45092
9599
48638
43025
57149
100613
12459
43494
61733
24381
59665
90070
17665
49617
19214
86367
61115
3132
17653
43464
46015
88781
578
74769
45005
72536
19470
65450
24002
47175
32954
42211
41891
45910
61831
35384
38427
43433
22942
53139
18494
53043
22274
40303
85408
1558
13536
55363
64988
112612
76107
85274
119651
52156
19914
71923
59956
44366
55706
75486
115406
64558
65608
52636
59737
70850
7224
536
107107
18736
93176
63849
28498
97894
62215
5916
64047
31110
55957
31205
20496
61612
14192
8084
24894
1768
20416
58737
104685
22379
55197
118670
11311
4761
8714
107649
63024
9642
71834
63339
60600
48344
64308
64689
25236
23348
61483
18564
62535
50582
78508
118420
75444
10837
65111
33634
84999
49486
36828
2299
43557
51882
38254
7797
45448
19483
17692
5044
104765
5211
73810
23220
45673
51126
43660
37898
64024
109802
56296
116523
16397
3790
30383
96933
107095
21193
94747
24472
36218
53088
24248
100669
10646
12133
52665
95144
33034
44170
55673
81996
18963
4794
35402
15217
22638
1098
118154
99766
15418
60003
26257
60236
118979
3264
44805
27269
38545
81031
22639
67207
11093
3971
53470
15556
28204
5851
28507
59569
20001
57181
42910
68235
76583
118060
60309
110079
930
28761
43462
58033
38369
52404
63207
9271
10390
39312
42345
15628
62812
44232
18154
72231
89431
47777
42152
100104
104608
13656
98545
1725
38720
18238
71491
49594
1387
4045
53060
99239
18942
40462
98799
53162
50809
19452
72657
18019
27515
55088
2720
42635
7029
10153
44710
73676
9900
35263
67514
114949
2548
62385
15233
43447
45007
74567
74949
44519
8670
58774
22524
18071
29348
1354
40355
46978
2536
32265
5132
87679
48797
47783
20740
24519
42407
4462
19241
54696
75662
118046
3183
46229
26688
34444
75858
9476
47845
15947
55136
16259
59625
32909
92801
23484
27526
67293
51511
70872
20293
37657
3843
89687
3111
23323
36073
2441
1643
101390
24268
17930
56750
39303
66440
30478
26285
6945
70345
45924
98650
93475
22209
52946
47294
5043
24004
75642
16537
2965
7905
1837
44546
87848
71664
69783
53232
73481
103970
17188
69341
11993
14981
16491
1118
36459
51382
8364
55056
2227
18928
53569
74078
103468
46991
95733
28233
51208
27561
118924
81079
18368
8730
58318
18347
65366
3047
7472
79378
56979
55517
44996
33880
55244
102485
61149
50435
51123
46686
37039
45879
47977
57050
87209
72877
52811
85763
35763
15751
22186
66059
30683
21723
87776
60755
59675
53315
75010
2801
14254
38798
36944
27002
53462
65350
30235
37765
54871
91226
45728
9176
5910
60365
48473
23406
96250
52694
2012
27664
41428
29701
115053
62698
1909
18748
55635
13001
14613
46773
46376
82949
14177
24516
1308
18143
60615
8563
15877
69917
11130
17958
62076
65324
28981
46308
70274
73605
19514
12996
61216
45221
60829
69731
56145
34474
17495
13849
49357
56787
11440
49432
49494
64568
42848
21708
102769
33587
26329
43990
47892
62927
29579
21124
32597
72674
51383
80868
50230
3845
42977
60045
37323
99430
19604
1843
43201
31590
26219
76587
102905
3401
42441
38893
46972
52436
90036
32506
34817
99413
73219
10069
43066
18485
24666
9632
59161
31621
7443
72668
42560
109830
18543
109930
59939
59896
52300
53364
65120
37375
74803
56834
20213
31519
8407
61314
94624
21709
22262
52504
20356
73472
55193
37475
51867
51184
9257
19226
24661
78577
52321
84184
53564
41823
76068
77858
40584
94068
52037
53476
1838
41853
16027
26687
7752
102842
36590
108025
2095
29539
13041
46377
59983
37739
118066
33172
61190
9625
53582
60186
52593
19321
18565
12990
28486
24541
39573
73486
5250
51757
61754
39190
50767
63906
25688
35749
8977
34489
42627
39429
37407
117050
50759
65603
33952
86492
19382
45556
79627
65849
28916
35860
10928
29897
45364
4407
16077
4735
21115
8687
12213
58324
4422
30010
35350
52617
5089
68340
53118
115049
35032
55778
15011
96892
14286
27886
53982
38094
18462
30852
48183
107991
2618
16406
36037
42040
26067
2859
68009
11937
2363
71610
43866
50520
87671
30841
51518
51479
79237
47947
69433
68822
55942
89605
75735
54670
3092
51699
52643
7163
49819
53199
49607
56195
65408
474
21551
71904
118105
8649
65213
46515
72439
30835
61610
98679
117308
17896
31796
47540
83645
30194
44771
34564
118114
46792
57092
1434
60097
66332
73627
21481
50892
60219
18651
10419
32278
2151
20803
27105
50361
14978
65446
59799
39624
28531
60553
12786
14045
67134
51189
117565
29380
61342
46795
64721
2684
3093
95315
40527
108134
24736
94610
53992
5037
43683
20495
6139
16977
83761
55896
58395
60538
95945
44223
21664
46065
5272
19430
55645
9188
13634
25171
26542
56684
82404
108138
66381
38546
36796
24789
52663
83139
44762
95496
66333
71988
3806
59156
32819
52483
46048
24473
17086
43024
58757
12282
69997
117150
60720
68661
97507
48930
115874
17389
51868
56459
35000
70166
55751
118061
52281
30724
85599
56821
32286
56818
13453
39309
65434
22201
27804
21215
7947
64512
27502
12357
39983
71642
39623
60909
96195
19267
57232
106680
780
15750
44154
42226
75252
72662
80028
26253
57002
5548
5592
72062
26694
41855
25277
64810
52053
14367
77976
61271
38296
19197
53229
75926
51247
25061
48917
54937
63877
73516
41232
45096
45031
27434
4301
2278
9437
25727
60217
20804
97405
19244
19070
44520
49425
105937
87958
25553
73529
15829
75811
107328
19781
17729
59806
21938
81480
51310
6628
42255
4319
27624
3713
53993
63709
22737
80414
46547
64045
57067
2857
26131
11114
41547
95313
17595
72334
100490
35975
47249
22964
52882
74356
26217
118931
38069
57590
84631
89772
20488
6396
43520
85479
13081
13252
99381
8581
53961
76223
108322
18611
86189
44129
53592
90419
30888
59054
118197
44062
70454
22228
43449
38493
108064
67723
36067
46176
46934
102562
19615
61862
106077
52307
65007
33066
100609
43988
118168
91072
69761
42751
17750
110496
84447
84256
36429
26696
